Supplemental results for CODEML (seqf: alinhamento_PAL2NAL_semgaps.phy  treef: Mx_arvore_label.tre)


MLEs of dN/dS (w) for site classes (K=4)

site class             0        1       2a       2b
proportion       0.40022  0.23809  0.22678  0.13491
background w     0.07157  1.00000  0.07157  1.00000
foreground w     0.07157  1.00000  1.00000  1.00000

Naive Empirical Bayes (NEB) probabilities for 4 classes
(amino acids refer to 1st sequence: Chicken)

   1 M   0.86465 0.00039 0.13475 0.00022 ( 1)
   2 -   0.13609 0.40943 0.22247 0.23200 ( 2)
   3 -   0.00000 0.63831 0.00000 0.36169 ( 2)
   4 -   0.02905 0.57441 0.07105 0.32549 ( 2)
   5 -   0.00001 0.63830 0.00001 0.36169 ( 2)
   6 -   0.00000 0.63830 0.00001 0.36169 ( 2)
   7 -   0.00002 0.63828 0.00003 0.36167 ( 2)
   8 A   0.01015 0.60240 0.04611 0.34134 ( 2)
   9 P   0.00000 0.63830 0.00000 0.36169 ( 2)
  10 E   0.62796 0.15050 0.13626 0.08528 ( 1)
  11 L   0.00002 0.63820 0.00015 0.36163 ( 2)
  12 T   0.12226 0.53442 0.04050 0.30282 ( 2)
  13 D   0.00005 0.63618 0.00329 0.36049 ( 2)
  14 R   0.00003 0.63819 0.00016 0.36162 ( 2)
  15 K   0.00018 0.63783 0.00057 0.36142 ( 2)
  16 P   0.00108 0.63275 0.00763 0.35854 ( 2)
  17 E   0.00000 0.63831 0.00000 0.36169 ( 2)
  18 H   0.00195 0.63673 0.00051 0.36080 ( 2)
  19 E   0.08239 0.57053 0.02380 0.32328 ( 2)
  20 Q   0.01185 0.62879 0.00306 0.35630 ( 2)
  21 K   0.00623 0.63332 0.00159 0.35886 ( 2)
  22 V   0.16908 0.49812 0.05054 0.28226 ( 2)
  23 S   0.00476 0.63414 0.00176 0.35933 ( 2)
  24 K   0.00337 0.62676 0.01473 0.35515 ( 2)
  25 R   0.00000 0.63830 0.00001 0.36169 ( 2)
  26 L   0.00004 0.63827 0.00002 0.36167 ( 2)
  27 N   0.00097 0.63300 0.00734 0.35869 ( 2)
  28 D   0.00002 0.63826 0.00006 0.36167 ( 2)
  29 R   0.00101 0.63526 0.00376 0.35997 ( 2)
  30 E   0.77851 0.01995 0.19024 0.01130 ( 1)
  31 E   0.39502 0.32462 0.09642 0.18395 ( 1)
  32 D   0.00000 0.63830 0.00001 0.36169 ( 2)
  33 K   0.00002 0.63772 0.00090 0.36136 ( 2)
  34 D   0.00005 0.63750 0.00122 0.36123 ( 2)
  35 E   0.00091 0.63285 0.00764 0.35860 ( 2)
  36 A   0.00371 0.63513 0.00126 0.35989 ( 2)
  37 A   0.00006 0.63826 0.00002 0.36167 ( 2)
  38 A   0.01054 0.60218 0.04605 0.34122 ( 2)
  39 C   0.00007 0.63479 0.00543 0.35970 ( 2)
  40 S   0.10400 0.09150 0.75265 0.05185 ( 3)
  41 L   0.73162 0.00507 0.26044 0.00287 ( 1)
  42 D   0.04016 0.48853 0.19449 0.27682 ( 2)
  43 N   0.70926 0.06664 0.18635 0.03776 ( 1)
  44 Q   0.74756 0.02326 0.21600 0.01318 ( 1)
  45 Y   0.74178 0.00412 0.25177 0.00233 ( 1)
  46 D   0.27894 0.00104 0.71943 0.00059 ( 3)
  47 R   0.02200 0.00200 0.97486 0.00114 ( 3)
  48 K   0.84332 0.00019 0.15638 0.00011 ( 1)
  49 I   0.74762 0.00927 0.23786 0.00525 ( 1)
  50 Q   0.18106 0.01253 0.79932 0.00710 ( 3)
  51 P   0.72277 0.00409 0.27082 0.00232 ( 1)
  52 C   0.74276 0.00444 0.25029 0.00251 ( 1)
  53 I   0.78016 0.00086 0.21849 0.00049 ( 1)
  54 D   0.81085 0.00018 0.18887 0.00010 ( 1)
  55 L   0.75131 0.00285 0.24423 0.00162 ( 1)
  56 V   0.19489 0.00271 0.80088 0.00153 ( 3)
  57 D   0.84439 0.00015 0.15538 0.00008 ( 1)
  58 S   0.02259 0.62009 0.00596 0.35137 ( 2)
  59 L   0.75360 0.00473 0.23899 0.00268 ( 1)
  60 R   0.76468 0.00401 0.22904 0.00227 ( 1)
  61 K   0.01243 0.17111 0.71950 0.09696 ( 3)
  62 L   0.72858 0.00498 0.26361 0.00282 ( 1)
  63 D   0.13326 0.01168 0.84845 0.00662 ( 3)
  64 I   0.76076 0.01015 0.22333 0.00575 ( 1)
  65 G   0.20790 0.00121 0.79021 0.00068 ( 3)
  66 N   0.20487 0.06108 0.69943 0.03461 ( 3)
  67 D   0.84439 0.00015 0.15538 0.00008 ( 1)
  68 L   0.75405 0.00436 0.23912 0.00247 ( 1)
  69 M   0.00397 0.03645 0.93893 0.02065 ( 3)
  70 L   0.73159 0.00509 0.26043 0.00289 ( 1)
  71 P   0.72056 0.00598 0.27007 0.00339 ( 1)
  72 A   0.75353 0.00119 0.24461 0.00067 ( 1)
  73 I   0.79882 0.00051 0.20037 0.00029 ( 1)
  74 A   0.75199 0.00249 0.24411 0.00141 ( 1)
  75 V   0.80922 0.00113 0.18901 0.00064 ( 1)
  76 I   0.78035 0.00071 0.21854 0.00040 ( 1)
  77 G   0.75584 0.00058 0.24324 0.00033 ( 1)
  78 D   0.84439 0.00015 0.15538 0.00008 ( 1)
  79 R   0.20586 0.00477 0.78667 0.00270 ( 3)
  80 N   0.25359 0.00185 0.74352 0.00105 ( 3)
  81 S   0.69815 0.01234 0.28252 0.00699 ( 1)
  82 G   0.81426 0.00054 0.18490 0.00030 ( 1)
  83 K   0.80320 0.00020 0.19648 0.00012 ( 1)
  84 S   0.81850 0.00021 0.18116 0.00012 ( 1)
  85 S   0.70221 0.01742 0.27051 0.00987 ( 1)
  86 V   0.22239 0.00776 0.76545 0.00440 ( 3)
  87 L   0.74783 0.00479 0.24466 0.00271 ( 1)
  88 E   0.80325 0.00030 0.19629 0.00017 ( 1)
  89 A   0.77165 0.00226 0.22480 0.00128 ( 1)
  90 L   0.73779 0.00478 0.25473 0.00271 ( 1)
  91 S   0.68878 0.02073 0.27874 0.01175 ( 1)
  92 G   0.75456 0.00244 0.24162 0.00138 ( 1)
  93 V   0.75447 0.00250 0.24162 0.00142 ( 1)
  94 A   0.16514 0.00859 0.82141 0.00487 ( 3)
  95 L   0.72810 0.00536 0.26350 0.00304 ( 1)
  96 P   0.72277 0.00409 0.27082 0.00232 ( 1)
  97 R   0.82084 0.00118 0.17730 0.00067 ( 1)
  98 D   0.23979 0.00256 0.75620 0.00145 ( 3)
  99 K   0.18428 0.05040 0.73676 0.02856 ( 3)
 100 G   0.75418 0.00267 0.24164 0.00151 ( 1)
 101 V   0.23475 0.00625 0.75547 0.00354 ( 3)
 102 I   0.18558 0.01239 0.79501 0.00702 ( 3)
 103 T   0.74957 0.00247 0.24656 0.00140 ( 1)
 104 R   0.72930 0.00421 0.26410 0.00239 ( 1)
 105 C   0.70248 0.01295 0.27723 0.00734 ( 1)
 106 P   0.73182 0.00850 0.25487 0.00481 ( 1)
 107 L   0.75332 0.00498 0.23889 0.00282 ( 1)
 108 E   0.77703 0.01045 0.20660 0.00592 ( 1)
 109 L   0.72867 0.00491 0.26364 0.00278 ( 1)
 110 K   0.79205 0.00903 0.19380 0.00512 ( 1)
 111 L   0.75222 0.00586 0.23861 0.00332 ( 1)
 112 K   0.79483 0.00683 0.19448 0.00387 ( 1)
 113 K   0.78765 0.01253 0.19273 0.00710 ( 1)
 114 M   0.18323 0.17859 0.53699 0.10120 ( 3)
 115 T   0.00000 0.63830 0.00001 0.36169 ( 2)
 116 A   0.00005 0.63813 0.00023 0.36159 ( 2)
 117 -   0.40022 0.23809 0.22678 0.13491 ( 1)
 118 P   0.00438 0.61727 0.02858 0.34977 ( 2)
 119 Q   0.11123 0.54642 0.03273 0.30962 ( 2)
 120 E   0.67523 0.10195 0.16505 0.05777 ( 1)
 121 W   0.71306 0.01101 0.26970 0.00624 ( 1)
 122 K   0.11892 0.53710 0.03963 0.30434 ( 2)
 123 G   0.81412 0.00064 0.18488 0.00036 ( 1)
 124 V   0.01802 0.00500 0.97415 0.00283 ( 3)
 125 I   0.74420 0.01081 0.23886 0.00613 ( 1)
 126 Y   0.00003 0.63816 0.00021 0.36161 ( 2)
 127 Y   0.76569 0.01842 0.20545 0.01044 ( 1)
 128 R   0.00002 0.63829 0.00001 0.36168 ( 2)
 129 N   0.78451 0.00155 0.21306 0.00088 ( 1)
 130 T   0.00000 0.63830 0.00000 0.36169 ( 2)
 131 E   0.00252 0.01335 0.97656 0.00757 ( 3)
 132 I   0.00130 0.63458 0.00453 0.35958 ( 2)
 133 Q   0.02021 0.00255 0.97581 0.00144 ( 3)
 134 L   0.04157 0.60275 0.01414 0.34154 ( 2)
 135 Q   0.00069 0.63771 0.00024 0.36136 ( 2)
 136 N   0.08145 0.20263 0.60110 0.11482 ( 3)
 137 A   0.21137 0.45844 0.07042 0.25977 ( 2)
 138 S   0.66802 0.02975 0.28537 0.01686 ( 1)
 139 E   0.15964 0.51751 0.02960 0.29324 ( 2)
 140 V   0.80889 0.00114 0.18933 0.00064 ( 1)
 141 K   0.28452 0.00364 0.70978 0.00206 ( 3)
 142 K   0.00081 0.63610 0.00265 0.36044 ( 2)
 143 A   0.28410 0.39575 0.09590 0.22425 ( 2)
 144 I   0.80155 0.01062 0.18181 0.00602 ( 1)
 145 R   0.20085 0.46619 0.06880 0.26416 ( 2)
 146 K   0.06520 0.46022 0.21379 0.26078 ( 2)
 147 A   0.77641 0.01540 0.19947 0.00873 ( 1)
 148 Q   0.77515 0.00097 0.22334 0.00055 ( 1)
 149 D   0.29008 0.40057 0.08237 0.22698 ( 2)
 150 I   0.00001 0.63828 0.00004 0.36168 ( 2)
 151 V   0.77736 0.01300 0.20228 0.00736 ( 1)
 152 A   0.74922 0.00296 0.24614 0.00168 ( 1)
 153 G   0.77856 0.00055 0.22058 0.00031 ( 1)
 154 T   0.09929 0.55070 0.03796 0.31205 ( 2)
 155 N   0.10218 0.25534 0.49780 0.14469 ( 3)
 156 G   0.00001 0.63830 0.00000 0.36169 ( 2)
 157 S   0.00291 0.62832 0.01274 0.35603 ( 2)
 158 I   0.78051 0.00059 0.21856 0.00033 ( 1)
 159 S   0.77588 0.00117 0.22228 0.00067 ( 1)
 160 G   0.00030 0.63806 0.00010 0.36155 ( 2)
 161 E   0.72398 0.06324 0.17695 0.03584 ( 1)
 162 L   0.70699 0.01073 0.27620 0.00608 ( 1)
 163 I   0.77989 0.00107 0.21843 0.00060 ( 1)
 164 S   0.06398 0.58256 0.02336 0.33010 ( 2)
 165 L   0.72262 0.00580 0.26830 0.00329 ( 1)
 166 E   0.79884 0.00379 0.19521 0.00215 ( 1)
 167 I   0.64783 0.10843 0.18230 0.06144 ( 1)
 168 W   0.14004 0.04711 0.78616 0.02669 ( 3)
 169 S   0.72017 0.00769 0.26779 0.00435 ( 1)
 170 P   0.57597 0.13422 0.21375 0.07605 ( 1)
 171 D   0.00851 0.59098 0.06563 0.33488 ( 2)
 172 V   0.79702 0.00113 0.20121 0.00064 ( 1)
 173 P   0.71870 0.00910 0.26705 0.00515 ( 1)
 174 D   0.84411 0.00035 0.15534 0.00020 ( 1)
 175 L   0.75405 0.00436 0.23912 0.00247 ( 1)
 176 T   0.75195 0.00228 0.24448 0.00129 ( 1)
 177 L   0.71158 0.00675 0.27785 0.00382 ( 1)
 178 I   0.77994 0.00098 0.21853 0.00055 ( 1)
 179 D   0.81085 0.00018 0.18887 0.00010 ( 1)
 180 L   0.72427 0.00865 0.26218 0.00490 ( 1)
 181 P   0.71482 0.01099 0.26796 0.00623 ( 1)
 182 G   0.75497 0.00131 0.24297 0.00074 ( 1)
 183 I   0.78043 0.00066 0.21854 0.00037 ( 1)
 184 A   0.75484 0.01085 0.22817 0.00615 ( 1)
 185 R   0.76870 0.00067 0.23024 0.00038 ( 1)
 186 E   0.22368 0.00549 0.76772 0.00311 ( 3)
 187 A   0.79173 0.00299 0.20359 0.00170 ( 1)
 188 V   0.25165 0.00796 0.73587 0.00451 ( 3)
 189 G   0.23768 0.00692 0.75148 0.00392 ( 3)
 190 N   0.81460 0.00698 0.17446 0.00396 ( 1)
 191 Q   0.79568 0.00087 0.20296 0.00049 ( 1)
 192 P   0.71727 0.01035 0.26651 0.00587 ( 1)
 193 Q   0.00000 0.63831 0.00000 0.36169 ( 2)
 194 D   0.82535 0.00017 0.17439 0.00009 ( 1)
 195 N   0.19826 0.00468 0.79441 0.00265 ( 3)
 196 G   0.50097 0.24109 0.12133 0.13661 ( 1)
 197 Q   0.00011 0.63787 0.00057 0.36144 ( 2)
 198 Q   0.62447 0.13803 0.15929 0.07821 ( 1)
 199 I   0.81037 0.00675 0.17905 0.00383 ( 1)
 200 K   0.80320 0.00020 0.19648 0.00012 ( 1)
 201 T   0.00008 0.63802 0.00037 0.36153 ( 2)
 202 L   0.71343 0.00517 0.27848 0.00293 ( 1)
 203 L   0.17365 0.00295 0.82172 0.00167 ( 3)
 204 K   0.00291 0.63596 0.00076 0.36036 ( 2)
 205 K   0.69608 0.08528 0.17032 0.04832 ( 1)
 206 Y   0.01375 0.01702 0.95958 0.00965 ( 3)
 207 I   0.78062 0.00051 0.21858 0.00029 ( 1)
 208 G   0.00000 0.63831 0.00000 0.36169 ( 2)
 209 C   0.00229 0.62993 0.01084 0.35694 ( 2)
 210 K   0.76677 0.01459 0.21037 0.00827 ( 1)
 211 E   0.84342 0.00017 0.15632 0.00010 ( 1)
 212 T   0.75343 0.00106 0.24491 0.00060 ( 1)
 213 I   0.81853 0.00041 0.18083 0.00023 ( 1)
 214 I   0.20291 0.01956 0.76645 0.01108 ( 3)
 215 V   0.16673 0.02439 0.79507 0.01382 ( 3)
 216 V   0.75877 0.00093 0.23977 0.00053 ( 1)
 217 V   0.80922 0.00085 0.18946 0.00048 ( 1)
 218 V   0.78588 0.00113 0.21235 0.00064 ( 1)
 219 P   0.72441 0.00416 0.26908 0.00236 ( 1)
 220 C   0.00131 0.63714 0.00052 0.36103 ( 2)
 221 N   0.82366 0.00026 0.17593 0.00015 ( 1)
 222 V   0.80933 0.00074 0.18951 0.00042 ( 1)
 223 D   0.81085 0.00018 0.18887 0.00010 ( 1)
 224 I   0.77971 0.00120 0.21841 0.00068 ( 1)
 225 A   0.75335 0.00134 0.24455 0.00076 ( 1)
 226 T   0.75323 0.00120 0.24489 0.00068 ( 1)
 227 T   0.75082 0.00316 0.24423 0.00179 ( 1)
 228 E   0.82047 0.00019 0.17923 0.00011 ( 1)
 229 A   0.78069 0.00122 0.21740 0.00069 ( 1)
 230 L   0.75407 0.00434 0.23913 0.00246 ( 1)
 231 K   0.00208 0.63654 0.00069 0.36069 ( 2)
 232 M   0.86517 0.00004 0.13476 0.00002 ( 1)
 233 A   0.74888 0.00323 0.24606 0.00183 ( 1)
 234 Q   0.75850 0.00112 0.23974 0.00063 ( 1)
 235 E   0.84026 0.00256 0.15573 0.00145 ( 1)
 236 V   0.80933 0.00074 0.18951 0.00042 ( 1)
 237 D   0.82534 0.00017 0.17439 0.00010 ( 1)
 238 P   0.73629 0.00634 0.25377 0.00360 ( 1)
 239 T   0.00101 0.63463 0.00476 0.35961 ( 2)
 240 G   0.75383 0.00219 0.24274 0.00124 ( 1)
 241 E   0.77993 0.00259 0.21601 0.00147 ( 1)
 242 R   0.82230 0.00025 0.17731 0.00014 ( 1)
 243 T   0.77997 0.00104 0.21841 0.00059 ( 1)
 244 L   0.69980 0.01986 0.26908 0.01125 ( 1)
 245 G   0.81329 0.00120 0.18483 0.00068 ( 1)
 246 V   0.22184 0.04106 0.71383 0.02327 ( 3)
 247 L   0.75808 0.01070 0.22515 0.00606 ( 1)
 248 T   0.75395 0.00177 0.24328 0.00100 ( 1)
 249 K   0.80320 0.00020 0.19648 0.00012 ( 1)
 250 P   0.71924 0.00865 0.26721 0.00490 ( 1)
 251 D   0.82300 0.00048 0.17625 0.00027 ( 1)
 252 L   0.73540 0.00482 0.25705 0.00273 ( 1)
 253 V   0.80933 0.00074 0.18951 0.00042 ( 1)
 254 N   0.28354 0.00092 0.71502 0.00052 ( 3)
 255 E   0.00312 0.43852 0.30988 0.24848 ( 2)
 256 G   0.75491 0.00134 0.24299 0.00076 ( 1)
 257 T   0.68639 0.05599 0.22589 0.03173 ( 1)
 258 E   0.80270 0.00071 0.19618 0.00040 ( 1)
 259 E   0.36872 0.34685 0.08788 0.19654 ( 1)
 260 T   0.01291 0.01436 0.96459 0.00814 ( 3)
 261 V   0.16159 0.18217 0.55303 0.10322 ( 3)
 262 L   0.04854 0.31794 0.45336 0.18016 ( 3)
 263 K   0.01957 0.02540 0.94063 0.01439 ( 3)
 264 I   0.76076 0.01015 0.22333 0.00575 ( 1)
 265 I   0.00377 0.62620 0.01520 0.35483 ( 2)
 266 Q   0.33554 0.34603 0.12236 0.19607 ( 2)
 267 N   0.82406 0.00017 0.17568 0.00010 ( 1)
 268 E   0.35470 0.34070 0.11155 0.19305 ( 1)
 269 V   0.79724 0.00101 0.20118 0.00057 ( 1)
 270 I   0.00368 0.63526 0.00109 0.35997 ( 2)
 271 P   0.51480 0.19355 0.18197 0.10968 ( 1)
 272 L   0.76665 0.00387 0.22728 0.00219 ( 1)
 273 R   0.75299 0.00238 0.24329 0.00135 ( 1)
 274 K   0.80320 0.00020 0.19648 0.00012 ( 1)
 275 G   0.78085 0.00065 0.21812 0.00037 ( 1)
 276 Y   0.76863 0.00105 0.22973 0.00059 ( 1)
 277 M   0.86517 0.00004 0.13476 0.00002 ( 1)
 278 I   0.19632 0.00606 0.79418 0.00344 ( 3)
 279 V   0.80938 0.00100 0.18905 0.00057 ( 1)
 280 K   0.82184 0.00019 0.17786 0.00011 ( 1)
 281 C   0.70976 0.00650 0.28006 0.00368 ( 1)
 282 Y   0.01371 0.02022 0.95462 0.01146 ( 3)
 283 G   0.78042 0.00118 0.21773 0.00067 ( 1)
 284 Q   0.75850 0.00112 0.23974 0.00063 ( 1)
 285 M   0.03221 0.02590 0.92722 0.01467 ( 3)
 286 D   0.80327 0.03123 0.14781 0.01770 ( 1)
 287 F   0.20137 0.00271 0.79439 0.00153 ( 3)
 288 C   0.00613 0.41431 0.34478 0.23477 ( 2)
 289 N   0.06011 0.59008 0.01545 0.33436 ( 2)
 290 E   0.08281 0.35346 0.36344 0.20029 ( 3)
 291 L   0.29062 0.38875 0.10035 0.22028 ( 2)
 292 S   0.16220 0.03665 0.78039 0.02077 ( 3)
 293 F   0.17474 0.01831 0.79658 0.01037 ( 3)
 294 T   0.00511 0.62208 0.02031 0.35250 ( 2)
 295 S   0.04664 0.59657 0.01875 0.33804 ( 2)
 296 A   0.77578 0.00173 0.22151 0.00098 ( 1)
 297 I   0.26092 0.42601 0.07167 0.24140 ( 2)
 298 Q   0.21127 0.00692 0.77789 0.00392 ( 3)
 299 Q   0.09983 0.55411 0.03208 0.31398 ( 2)
 300 E   0.84342 0.00017 0.15632 0.00010 ( 1)
 301 R   0.00699 0.63241 0.00224 0.35835 ( 2)
 302 E   0.00001 0.63827 0.00004 0.36167 ( 2)
 303 F   0.78398 0.00093 0.21456 0.00053 ( 1)
 304 F   0.75979 0.00261 0.23612 0.00148 ( 1)
 305 E   0.78585 0.04223 0.14799 0.02393 ( 1)
 306 T   0.00134 0.63713 0.00050 0.36103 ( 2)
 307 H   0.81270 0.00046 0.18659 0.00026 ( 1)
 308 K   0.00009 0.63823 0.00003 0.36165 ( 2)
 309 H   0.00010 0.63467 0.00559 0.35963 ( 2)
 310 F   0.78398 0.00093 0.21456 0.00053 ( 1)
 311 S   0.72586 0.06693 0.16929 0.03793 ( 1)
 312 T   0.00338 0.62603 0.01586 0.35473 ( 2)
 313 L   0.72390 0.00897 0.26206 0.00508 ( 1)
 314 L   0.75412 0.00430 0.23914 0.00244 ( 1)
 315 D   0.78892 0.00206 0.20785 0.00117 ( 1)
 316 E   0.17352 0.10001 0.66980 0.05667 ( 3)
 317 N   0.49713 0.17731 0.22509 0.10047 ( 1)
 318 K   0.18043 0.49955 0.03695 0.28307 ( 2)
 319 A   0.75141 0.00117 0.24676 0.00066 ( 1)
 320 T   0.74971 0.00236 0.24659 0.00134 ( 1)
 321 I   0.13359 0.52763 0.03979 0.29898 ( 2)
 322 P   0.72593 0.00376 0.26818 0.00213 ( 1)
 323 H   0.00391 0.63492 0.00139 0.35977 ( 2)
 324 L   0.75354 0.00478 0.23897 0.00271 ( 1)
 325 A   0.75079 0.00343 0.24384 0.00194 ( 1)
 326 N   0.00966 0.30790 0.50798 0.17447 ( 3)
 327 K   0.34632 0.37073 0.07288 0.21007 ( 2)
 328 L   0.74801 0.00463 0.24474 0.00262 ( 1)
 329 T   0.75308 0.00133 0.24484 0.00075 ( 1)
 330 D   0.00000 0.63831 0.00000 0.36169 ( 2)
 331 E   0.80322 0.00032 0.19628 0.00018 ( 1)
 332 L   0.73055 0.00330 0.26428 0.00187 ( 1)
 333 V   0.63614 0.12580 0.16678 0.07128 ( 1)
 334 G   0.00033 0.63689 0.00189 0.36089 ( 2)
 335 R   0.18499 0.00302 0.81028 0.00171 ( 3)
 336 I   0.78053 0.00058 0.21856 0.00033 ( 1)
 337 I   0.11417 0.53888 0.04160 0.30535 ( 2)
 338 K   0.80246 0.00076 0.19636 0.00043 ( 1)
 339 T   0.21886 0.45260 0.07208 0.25646 ( 2)
 340 L   0.73159 0.00509 0.26043 0.00289 ( 1)
 341 P   0.72059 0.00597 0.27005 0.00338 ( 1)
 342 A   0.00192 0.62959 0.01175 0.35675 ( 2)
 343 I   0.63978 0.12263 0.16811 0.06949 ( 1)
 344 E   0.84286 0.00061 0.15618 0.00035 ( 1)
 345 K   0.02163 0.10082 0.82042 0.05713 ( 3)
 346 Q   0.75603 0.00313 0.23907 0.00177 ( 1)
 347 V   0.21758 0.00235 0.77873 0.00133 ( 3)
 348 H   0.00562 0.61845 0.02550 0.35044 ( 2)
 349 D   0.00747 0.62022 0.02087 0.35144 ( 2)
 350 A   0.00000 0.63830 0.00000 0.36169 ( 2)
 351 L   0.69982 0.04316 0.23256 0.02446 ( 1)
 352 Q   0.74116 0.01569 0.23426 0.00889 ( 1)
 353 Q   0.00000 0.63830 0.00001 0.36169 ( 2)
 354 A   0.00699 0.60695 0.04214 0.34392 ( 2)
 355 K   0.00095 0.58879 0.07663 0.33363 ( 2)
 356 K   0.13191 0.00477 0.86061 0.00271 ( 3)
 357 E   0.80337 0.00020 0.19631 0.00012 ( 1)
 358 L   0.72274 0.01619 0.25190 0.00917 ( 1)
 359 Q   0.75756 0.00187 0.23951 0.00106 ( 1)
 360 K   0.84335 0.00017 0.15639 0.00009 ( 1)
 361 Y   0.78627 0.00174 0.21100 0.00099 ( 1)
 362 T   0.11801 0.12358 0.68839 0.07002 ( 3)
 363 Q   0.00000 0.63831 0.00000 0.36169 ( 2)
 364 S   0.18747 0.01085 0.79553 0.00615 ( 3)
 365 T   0.07500 0.57303 0.02727 0.32470 ( 2)
 366 H   0.17684 0.02770 0.77976 0.01570 ( 3)
 367 P   0.06153 0.27087 0.51412 0.15348 ( 3)
 368 T   0.01273 0.57601 0.08487 0.32639 ( 2)
 369 V   0.08502 0.04999 0.83666 0.02833 ( 3)
 370 S   0.00011 0.63775 0.00076 0.36138 ( 2)
 371 D   0.01789 0.58971 0.05825 0.33416 ( 2)
 372 K   0.83205 0.00775 0.15581 0.00439 ( 1)
 373 T   0.02187 0.01898 0.94839 0.01075 ( 3)
 374 I   0.00156 0.56389 0.11502 0.31953 ( 2)
 375 F   0.39902 0.31385 0.10929 0.17784 ( 1)
 376 L   0.74842 0.00430 0.24485 0.00244 ( 1)
 377 V   0.00352 0.42282 0.33408 0.23959 ( 2)
 378 G   0.03057 0.38766 0.36211 0.21966 ( 2)
 379 L   0.47560 0.21506 0.18747 0.12186 ( 1)
 380 I   0.46179 0.27840 0.10205 0.15776 ( 1)
 381 K   0.19938 0.47136 0.06217 0.26709 ( 2)
 382 A   0.00100 0.60082 0.05773 0.34045 ( 2)
 383 F   0.74509 0.00336 0.24965 0.00190 ( 1)
 384 N   0.81020 0.00051 0.18900 0.00029 ( 1)
 385 E   0.00002 0.63823 0.00009 0.36165 ( 2)
 386 D   0.72518 0.07654 0.15491 0.04337 ( 1)
 387 I   0.23723 0.00407 0.75639 0.00231 ( 3)
 388 S   0.00000 0.63831 0.00000 0.36169 ( 2)
 389 Q   0.00000 0.63831 0.00000 0.36169 ( 2)
 390 T   0.00004 0.63617 0.00331 0.36048 ( 2)
 391 M   0.14071 0.30427 0.38261 0.17241 ( 3)
 392 H   0.00135 0.58209 0.08672 0.32984 ( 2)
 393 G   0.70883 0.04013 0.22830 0.02274 ( 1)
 394 K   0.26924 0.03253 0.67979 0.01844 ( 3)
 395 E   0.80272 0.00070 0.19619 0.00040 ( 1)
 396 S   0.00000 0.63831 0.00000 0.36169 ( 2)
 397 W   0.03276 0.50125 0.18197 0.28403 ( 2)
 398 F   0.00002 0.63829 0.00001 0.36168 ( 2)
 399 G   0.01639 0.62427 0.00560 0.35374 ( 2)
 400 N   0.00104 0.63746 0.00029 0.36121 ( 2)
 401 E   0.20996 0.47105 0.05208 0.26691 ( 2)
 402 I   0.01245 0.62823 0.00335 0.35598 ( 2)
 403 R   0.76419 0.00442 0.22888 0.00250 ( 1)
 404 L   0.74224 0.00506 0.24984 0.00287 ( 1)
 405 F   0.74456 0.00380 0.24948 0.00216 ( 1)
 406 P   0.09649 0.03651 0.84631 0.02069 ( 3)
 407 K   0.78778 0.01242 0.19277 0.00704 ( 1)
 408 I   0.00096 0.63506 0.00413 0.35985 ( 2)
 409 R   0.75418 0.01142 0.22793 0.00647 ( 1)
 410 R   0.00007 0.63809 0.00028 0.36157 ( 2)
 411 E   0.82046 0.00020 0.17923 0.00011 ( 1)
 412 F   0.74651 0.00217 0.25009 0.00123 ( 1)
 413 R   0.00002 0.63822 0.00011 0.36165 ( 2)
 414 T   0.01535 0.62531 0.00502 0.35433 ( 2)
 415 W   0.71306 0.01101 0.26970 0.00624 ( 1)
 416 G   0.00303 0.63574 0.00099 0.36024 ( 2)
 417 V   0.00001 0.63827 0.00005 0.36167 ( 2)
 418 K   0.00000 0.63826 0.00007 0.36167 ( 2)
 419 L   0.36640 0.32636 0.12230 0.18493 ( 1)
 420 L   0.56733 0.12737 0.23312 0.07217 ( 1)
 421 E   0.60610 0.16091 0.14181 0.09118 ( 1)
 422 S   0.00983 0.61246 0.03066 0.34705 ( 2)
 423 S   0.02295 0.53099 0.14517 0.30088 ( 2)
 424 A   0.00019 0.63815 0.00006 0.36160 ( 2)
 425 K   0.16999 0.50621 0.03696 0.28684 ( 2)
 426 -   0.40022 0.23809 0.22678 0.13491 ( 1)
 427 -   0.40022 0.23809 0.22678 0.13491 ( 1)
 428 V   0.29409 0.38221 0.10713 0.21658 ( 2)
 429 E   0.00001 0.63825 0.00007 0.36166 ( 2)
 430 E   0.00000 0.63830 0.00001 0.36169 ( 2)
 431 I   0.00002 0.63819 0.00016 0.36163 ( 2)
 432 V   0.00007 0.63811 0.00024 0.36158 ( 2)
 433 C   0.00000 0.63831 0.00000 0.36169 ( 2)
 434 S   0.05354 0.59425 0.01548 0.33673 ( 2)
 435 K   0.00634 0.63316 0.00173 0.35878 ( 2)
 436 L   0.18125 0.15309 0.57892 0.08674 ( 3)
 437 P   0.00000 0.63815 0.00025 0.36160 ( 2)
 438 K   0.04214 0.60483 0.01031 0.34272 ( 2)
 439 Y   0.65934 0.06834 0.23361 0.03872 ( 1)
 440 E   0.80264 0.00076 0.19617 0.00043 ( 1)
 441 D   0.70061 0.07342 0.18436 0.04160 ( 1)
 442 Q   0.06668 0.58488 0.01702 0.33142 ( 2)
 443 Y   0.78425 0.00329 0.21060 0.00186 ( 1)
 444 R   0.72754 0.01536 0.24840 0.00870 ( 1)
 445 G   0.75523 0.00111 0.24303 0.00063 ( 1)
 446 R   0.76288 0.00352 0.23161 0.00199 ( 1)
 447 E   0.83979 0.00291 0.15564 0.00165 ( 1)
 448 F   0.65476 0.05304 0.26215 0.03005 ( 1)
 449 P   0.71729 0.01032 0.26653 0.00585 ( 1)
 450 D   0.23842 0.00302 0.75684 0.00171 ( 3)
 451 F   0.75654 0.00387 0.23740 0.00219 ( 1)
 452 I   0.74762 0.00927 0.23786 0.00525 ( 1)
 453 S   0.24984 0.03656 0.69287 0.02072 ( 3)
 454 Y   0.78717 0.00105 0.21119 0.00059 ( 1)
 455 W   0.15102 0.13610 0.63577 0.07712 ( 3)
 456 T   0.72402 0.04439 0.20643 0.02515 ( 1)
 457 F   0.74429 0.00404 0.24939 0.00229 ( 1)
 458 E   0.84331 0.00026 0.15629 0.00015 ( 1)
 459 D   0.00041 0.63797 0.00011 0.36150 ( 2)
 460 I   0.78033 0.00072 0.21853 0.00041 ( 1)
 461 I   0.80256 0.01007 0.18167 0.00570 ( 1)
 462 K   0.80260 0.00065 0.19639 0.00037 ( 1)
 463 E   0.35242 0.35642 0.08920 0.20196 ( 2)
 464 Q   0.36054 0.33539 0.11402 0.19005 ( 1)
 465 I   0.55196 0.19609 0.14084 0.11111 ( 1)
 466 T   0.00001 0.63713 0.00182 0.36103 ( 2)
 467 K   0.00017 0.63383 0.00685 0.35915 ( 2)
 468 L   0.73473 0.00502 0.25740 0.00285 ( 1)
 469 E   0.84286 0.00061 0.15618 0.00035 ( 1)
 470 E   0.84338 0.00020 0.15631 0.00011 ( 1)
 471 P   0.59856 0.11427 0.22241 0.06475 ( 1)
 472 A   0.74807 0.00391 0.24580 0.00222 ( 1)
 473 V   0.14486 0.14119 0.63395 0.08000 ( 3)
 474 A   0.01104 0.60452 0.04190 0.34254 ( 2)
 475 M   0.29595 0.00052 0.70324 0.00029 ( 3)
 476 L   0.75334 0.00495 0.23890 0.00281 ( 1)
 477 N   0.67325 0.10789 0.15774 0.06113 ( 1)
 478 K   0.08765 0.39077 0.30015 0.22143 ( 2)
 479 V   0.77960 0.02427 0.18238 0.01375 ( 1)
 480 I   0.73962 0.02537 0.22064 0.01437 ( 1)
 481 Y   0.00001 0.63698 0.00207 0.36094 ( 2)
 482 M   0.17177 0.22274 0.47927 0.12622 ( 3)
 483 V   0.73442 0.01945 0.23511 0.01102 ( 1)
 484 E   0.03089 0.61316 0.00851 0.34744 ( 2)
 485 E   0.00000 0.63831 0.00000 0.36169 ( 2)
 486 K   0.06045 0.58535 0.02251 0.33169 ( 2)
 487 F   0.74732 0.00150 0.25032 0.00085 ( 1)
 488 L   0.00001 0.63830 0.00000 0.36169 ( 2)
 489 Q   0.00685 0.61872 0.02383 0.35059 ( 2)
 490 L   0.02810 0.61408 0.00985 0.34796 ( 2)
 491 A   0.00644 0.61042 0.03725 0.34589 ( 2)
 492 N   0.00000 0.63831 0.00000 0.36169 ( 2)
 493 K   0.01144 0.62965 0.00213 0.35678 ( 2)
 494 R   0.00700 0.61323 0.03229 0.34748 ( 2)
 495 F   0.74405 0.00424 0.24931 0.00240 ( 1)
 496 A   0.00034 0.63802 0.00012 0.36153 ( 2)
 497 N   0.58849 0.15246 0.17266 0.08639 ( 1)
 498 F   0.68304 0.05623 0.22887 0.03186 ( 1)
 499 Q   0.00323 0.62582 0.01633 0.35462 ( 2)
 500 N   0.82406 0.00017 0.17568 0.00010 ( 1)
 501 L   0.69711 0.00763 0.29094 0.00432 ( 1)
 502 N   0.00986 0.63047 0.00242 0.35725 ( 2)
 503 N   0.00383 0.51647 0.18704 0.29266 ( 2)
 504 A   0.67922 0.04638 0.24813 0.02628 ( 1)
 505 A   0.52866 0.19004 0.17362 0.10769 ( 1)
 506 Q   0.77409 0.00283 0.22148 0.00160 ( 1)
 507 A   0.11467 0.15559 0.64158 0.08816 ( 3)
 508 R   0.21082 0.00462 0.78194 0.00262 ( 3)
 509 I   0.77968 0.00123 0.21839 0.00070 ( 1)
 510 G   0.10351 0.30560 0.41773 0.17317 ( 3)
 511 C   0.00529 0.11187 0.81945 0.06339 ( 3)
 512 I   0.77939 0.00146 0.21833 0.00083 ( 1)
 513 S   0.05514 0.45890 0.22593 0.26003 ( 2)
 514 D   0.00000 0.63831 0.00000 0.36169 ( 2)
 515 R   0.00030 0.63635 0.00277 0.36058 ( 2)
 516 Q   0.70162 0.04883 0.22187 0.02767 ( 1)
 517 A   0.73179 0.01218 0.24912 0.00690 ( 1)
 518 T   0.01590 0.58829 0.06245 0.33335 ( 2)
 519 T   0.11377 0.18464 0.59696 0.10463 ( 3)
 520 A   0.71671 0.04843 0.20742 0.02744 ( 1)
 521 K   0.22787 0.00156 0.76969 0.00088 ( 3)
 522 N   0.37200 0.33898 0.09693 0.19208 ( 1)
 523 C   0.00001 0.63789 0.00065 0.36145 ( 2)
 524 I   0.81853 0.00041 0.18083 0.00023 ( 1)
 525 L   0.15582 0.03889 0.78325 0.02204 ( 3)
 526 T   0.02473 0.46358 0.24900 0.26269 ( 2)
 527 Q   0.70837 0.00667 0.28118 0.00378 ( 1)
 528 F   0.74732 0.00150 0.25032 0.00085 ( 1)
 529 K   0.75204 0.02452 0.20955 0.01389 ( 1)
 530 M   0.86517 0.00004 0.13476 0.00002 ( 1)
 531 E   0.84332 0.00025 0.15629 0.00014 ( 1)
 532 R   0.29981 0.38722 0.09355 0.21942 ( 2)
 533 I   0.61005 0.15075 0.15377 0.08542 ( 1)
 534 I   0.19780 0.00570 0.79326 0.00323 ( 3)
 535 Y   0.78737 0.00089 0.21123 0.00051 ( 1)
 536 C   0.74299 0.00424 0.25037 0.00240 ( 1)
 537 Q   0.77460 0.00101 0.22381 0.00057 ( 1)
 538 D   0.81085 0.00018 0.18887 0.00010 ( 1)
 539 N   0.24878 0.43609 0.06803 0.24711 ( 2)
 540 I   0.56555 0.17380 0.16216 0.09848 ( 1)
 541 Y   0.78704 0.00114 0.21117 0.00065 ( 1)
 542 A   0.00006 0.63466 0.00566 0.35963 ( 2)
 543 D   0.00028 0.63808 0.00008 0.36156 ( 2)
 544 D   0.50312 0.23421 0.12995 0.13271 ( 1)
 545 L   0.69305 0.01139 0.28911 0.00645 ( 1)
 546 K   0.00535 0.23246 0.63047 0.13172 ( 3)
 547 A   0.00000 0.63830 0.00002 0.36169 ( 2)
 548 A   0.08562 0.34345 0.37632 0.19461 ( 3)
 549 R   0.25073 0.01034 0.73308 0.00586 ( 3)
 550 A   0.74034 0.00475 0.25221 0.00269 ( 1)
 551 E   0.77151 0.00159 0.22599 0.00090 ( 1)
 552 G   0.00298 0.24931 0.60645 0.14127 ( 3)
 553 I   0.00003 0.63810 0.00030 0.36158 ( 2)
 554 S   0.08488 0.38168 0.31716 0.21628 ( 2)
 555 K   0.76193 0.02666 0.19630 0.01510 ( 1)
 556 D   0.76250 0.00370 0.23170 0.00210 ( 1)
 557 T   0.02209 0.01116 0.96043 0.00632 ( 3)
 558 K   0.00002 0.63785 0.00070 0.36143 ( 2)
 559 I   0.40022 0.23809 0.22678 0.13491 ( 1)
 560 K   0.50785 0.24393 0.10999 0.13822 ( 1)
 561 D   0.00015 0.63794 0.00043 0.36149 ( 2)
 562 L   0.00029 0.63709 0.00163 0.36100 ( 2)
 563 A   0.00001 0.63779 0.00080 0.36140 ( 2)
 564 -   0.00046 0.63784 0.00026 0.36143 ( 2)
 565 -   0.00000 0.63831 0.00000 0.36169 ( 2)
 566 -   0.22380 0.41450 0.12682 0.23488 ( 2)
 567 -   0.00122 0.63708 0.00069 0.36100 ( 2)
 568 F   0.05393 0.59236 0.01807 0.33565 ( 2)
 569 G   0.00025 0.63615 0.00313 0.36047 ( 2)
 570 C   0.00000 0.63831 0.00000 0.36169 ( 2)
 571 A   0.00000 0.63831 0.00000 0.36169 ( 2)
 572 S   0.00006 0.63825 0.00002 0.36166 ( 2)
 573 -   0.40022 0.23809 0.22678 0.13491 ( 1)
 574 -   0.40022 0.23809 0.22678 0.13491 ( 1)
 575 R   0.00038 0.61723 0.03264 0.34975 ( 2)
 576 Q   0.00000 0.63830 0.00001 0.36169 ( 2)
 577 C   0.00000 0.63828 0.00004 0.36168 ( 2)
 578 P   0.00001 0.63828 0.00003 0.36168 ( 2)
 579 S   0.00000 0.63830 0.00000 0.36169 ( 2)
 580 F   0.29392 0.38915 0.09643 0.22051 ( 2)
 581 A   0.00001 0.63803 0.00043 0.36153 ( 2)
 582 L   0.00000 0.63831 0.00000 0.36169 ( 2)
 583 E   0.80332 0.00024 0.19630 0.00014 ( 1)
 584 M   0.85323 0.00478 0.13928 0.00271 ( 1)
 585 V   0.00108 0.63465 0.00465 0.35962 ( 2)
 586 S   0.02334 0.61700 0.01005 0.34962 ( 2)
 587 H   0.81270 0.00045 0.18659 0.00026 ( 1)
 588 V   0.00869 0.20197 0.67489 0.11445 ( 3)
 589 K   0.00023 0.63813 0.00004 0.36159 ( 2)
 590 A   0.79465 0.00077 0.20415 0.00043 ( 1)
 591 Y   0.74479 0.00163 0.25266 0.00092 ( 1)
 592 F   0.00351 0.63535 0.00112 0.36002 ( 2)
 593 T   0.33460 0.35156 0.11463 0.19921 ( 2)
 594 G   0.73713 0.00329 0.25772 0.00186 ( 1)
 595 A   0.03556 0.60823 0.01155 0.34465 ( 2)
 596 S   0.01256 0.62800 0.00360 0.35585 ( 2)
 597 K   0.08870 0.56775 0.02183 0.32171 ( 2)
 598 R   0.48089 0.23846 0.14553 0.13512 ( 1)
 599 L   0.72401 0.01602 0.25089 0.00908 ( 1)
 600 S   0.00115 0.57853 0.09250 0.32782 ( 2)
 601 N   0.23878 0.44274 0.06761 0.25087 ( 2)
 602 Q   0.76757 0.02075 0.19992 0.01176 ( 1)
 603 I   0.78062 0.00051 0.21858 0.00029 ( 1)
 604 P   0.71645 0.00956 0.26857 0.00542 ( 1)
 605 L   0.75076 0.00703 0.23823 0.00398 ( 1)
 606 I   0.81845 0.00046 0.18082 0.00026 ( 1)
 607 I   0.81853 0.00041 0.18083 0.00023 ( 1)
 608 L   0.69458 0.02744 0.26244 0.01555 ( 1)
 609 S   0.25361 0.40956 0.10476 0.23207 ( 2)
 610 T   0.00413 0.61952 0.02531 0.35104 ( 2)
 611 V   0.16551 0.49624 0.05705 0.28119 ( 2)
 612 L   0.72968 0.00403 0.26400 0.00229 ( 1)
 613 H   0.08270 0.56919 0.02558 0.32253 ( 2)
 614 D   0.00732 0.63191 0.00271 0.35807 ( 2)
 615 F   0.26120 0.41935 0.08183 0.23762 ( 2)
 616 G   0.78070 0.00060 0.21836 0.00034 ( 1)
 617 N   0.00152 0.63177 0.00873 0.35799 ( 2)
 618 Y   0.00394 0.61887 0.02650 0.35068 ( 2)
 619 L   0.32772 0.35456 0.11681 0.20091 ( 2)
 620 Q   0.64201 0.12385 0.16396 0.07018 ( 1)
 621 T   0.05279 0.46345 0.22115 0.26261 ( 2)
 622 S   0.00000 0.63830 0.00000 0.36169 ( 2)
 623 M   0.86517 0.00004 0.13476 0.00002 ( 1)
 624 L   0.73021 0.00628 0.25995 0.00356 ( 1)
 625 H   0.75177 0.01013 0.23237 0.00574 ( 1)
 626 L   0.74651 0.00523 0.24530 0.00296 ( 1)
 627 L   0.72901 0.00731 0.25954 0.00414 ( 1)
 628 Q   0.75850 0.00112 0.23974 0.00063 ( 1)
 629 G   0.15888 0.11530 0.66048 0.06533 ( 3)
 630 K   0.19343 0.12219 0.61514 0.06924 ( 3)
 631 E   0.30547 0.38814 0.08646 0.21993 ( 2)
 632 E   0.00057 0.63670 0.00194 0.36078 ( 2)
 633 I   0.00310 0.62522 0.01741 0.35427 ( 2)
 634 N   0.04655 0.60048 0.01272 0.34026 ( 2)
 635 Y   0.00416 0.43084 0.32087 0.24413 ( 2)
 636 L   0.56786 0.12399 0.23790 0.07026 ( 1)
 637 L   0.74785 0.00445 0.24519 0.00252 ( 1)
 638 Q   0.00756 0.63196 0.00239 0.35809 ( 2)
 639 E   0.82197 0.00019 0.17774 0.00011 ( 1)
 640 D   0.00559 0.61816 0.02598 0.35027 ( 2)
 641 H   0.00502 0.44081 0.30439 0.24978 ( 2)
 642 E   0.78097 0.00177 0.21627 0.00100 ( 1)
 643 A   0.51036 0.19563 0.18316 0.11085 ( 1)
 644 A   0.00647 0.63261 0.00246 0.35846 ( 2)
 645 N   0.17684 0.10888 0.65259 0.06170 ( 3)
 646 Q   0.02042 0.00280 0.97519 0.00159 ( 3)
 647 Q   0.07289 0.03179 0.87731 0.01801 ( 3)
 648 K   0.26356 0.00172 0.73374 0.00098 ( 3)
 649 L   0.01548 0.00602 0.97508 0.00341 ( 3)
 650 L   0.75801 0.00416 0.23547 0.00236 ( 1)
 651 T   0.07936 0.03617 0.86398 0.02049 ( 3)
 652 S   0.06684 0.44897 0.22979 0.25440 ( 2)
 653 R   0.72302 0.00411 0.27053 0.00233 ( 1)
 654 I   0.10398 0.19707 0.58727 0.11167 ( 3)
 655 S   0.00000 0.63831 0.00000 0.36169 ( 2)
 656 H   0.08126 0.01027 0.90264 0.00582 ( 3)
 657 L   0.76665 0.00387 0.22728 0.00219 ( 1)
 658 N   0.00023 0.63770 0.00073 0.36135 ( 2)
 659 K   0.08083 0.57237 0.02247 0.32433 ( 2)
 660 A   0.79173 0.00299 0.20359 0.00170 ( 1)
 661 Y   0.02934 0.61217 0.01161 0.34688 ( 2)
 662 Q   0.01277 0.62709 0.00479 0.35534 ( 2)
 663 Y   0.00734 0.60390 0.04658 0.34219 ( 2)
 664 L   0.74954 0.00823 0.23757 0.00466 ( 1)
 665 V   0.00850 0.08652 0.85595 0.04903 ( 3)
 666 D   0.47922 0.23899 0.14637 0.13542 ( 1)
 667 F   0.74732 0.00150 0.25032 0.00085 ( 1)
 668 K   0.00019 0.63179 0.01003 0.35800 ( 2)
 669 S   0.00202 0.62913 0.01236 0.35649 ( 2)


lnL = -12479.193025

