Supplemental results for CODEML (seqf: alinhamento_PAL2NAL_semgaps.phy  treef: Mx_arvore_label.tre)


MLEs of dN/dS (w) for site classes (K=4)

site class             0        1       2a       2b
proportion       0.47016  0.27524  0.16059  0.09401
background w     0.07187  1.00000  0.07187  1.00000
foreground w     0.07187  1.00000  2.60351  2.60351

Naive Empirical Bayes (NEB) probabilities for 4 classes
(amino acids refer to 1st sequence: Chicken)

   1 M   0.97204 0.00052 0.02738 0.00006 ( 1)
   2 -   0.13889 0.43119 0.28212 0.14780 ( 2)
   3 -   0.00000 0.73450 0.00000 0.26550 ( 2)
   4 -   0.03072 0.61706 0.11492 0.23730 ( 2)
   5 -   0.00001 0.73884 0.00001 0.26114 ( 2)
   6 -   0.00000 0.73759 0.00001 0.26239 ( 2)
   7 -   0.00003 0.74012 0.00003 0.25982 ( 2)
   8 A   0.01007 0.65972 0.05845 0.27175 ( 2)
   9 P   0.00001 0.83366 0.00000 0.16633 ( 2)
  10 E   0.72952 0.19895 0.04039 0.03113 ( 1)
  11 L   0.00002 0.67526 0.00015 0.32456 ( 2)
  12 T   0.15525 0.70478 0.01704 0.12292 ( 2)
  13 D   0.00003 0.50317 0.00623 0.49057 ( 2)
  14 R   0.00003 0.71941 0.00026 0.28030 ( 2)
  15 K   0.00018 0.77723 0.00062 0.22197 ( 2)
  16 P   0.00103 0.63389 0.00956 0.35552 ( 2)
  17 E   0.00000 0.65191 0.00000 0.34809 ( 2)
  18 H   0.00234 0.86064 0.00018 0.13684 ( 2)
  19 E   0.09400 0.77741 0.01698 0.11161 ( 2)
  20 Q   0.01462 0.85955 0.00103 0.12480 ( 2)
  21 K   0.00763 0.84922 0.00092 0.14223 ( 2)
  22 V   0.19842 0.66875 0.02949 0.10335 ( 2)
  23 S   0.00581 0.84182 0.00093 0.15144 ( 2)
  24 K   0.00362 0.71485 0.01691 0.26462 ( 2)
  25 R   0.00000 0.72170 0.00002 0.27828 ( 2)
  26 L   0.00006 0.84708 0.00001 0.15285 ( 2)
  27 N   0.00092 0.67476 0.00823 0.31610 ( 2)
  28 D   0.00002 0.73424 0.00009 0.26565 ( 2)
  29 R   0.00110 0.71637 0.00684 0.27569 ( 2)
  30 E   0.91253 0.02668 0.05696 0.00384 ( 1)
  31 E   0.46660 0.42642 0.03911 0.06787 ( 1)
  32 D   0.00000 0.51582 0.00002 0.48416 ( 2)
  33 K   0.00001 0.60471 0.00145 0.39383 ( 2)
  34 D   0.00004 0.55523 0.00206 0.44267 ( 2)
  35 E   0.00089 0.70846 0.01148 0.27916 ( 2)
  36 A   0.00450 0.84819 0.00058 0.14672 ( 2)
  37 A   0.00007 0.85288 0.00001 0.14704 ( 2)
  38 A   0.01049 0.64291 0.03826 0.30834 ( 2)
  39 C   0.00005 0.49521 0.00936 0.49538 ( 4)
  40 S   0.10274 0.10136 0.75341 0.04249 ( 3)
  41 L   0.88098 0.00676 0.11099 0.00126 ( 1)
  42 D   0.03788 0.52126 0.22428 0.21658 ( 2)
  43 N   0.80949 0.08780 0.08937 0.01335 ( 1)
  44 Q   0.88436 0.03172 0.07857 0.00535 ( 1)
  45 Y   0.89240 0.00556 0.10107 0.00097 ( 1)
  46 D   0.42419 0.00185 0.57340 0.00056 ( 3)
  47 R   0.01375 0.00143 0.98355 0.00126 ( 3)
  48 K   0.96097 0.00025 0.03875 0.00003 ( 1)
  49 I   0.85050 0.01220 0.13560 0.00171 ( 1)
  50 Q   0.20971 0.01610 0.76723 0.00697 ( 3)
  51 P   0.87176 0.00540 0.12178 0.00107 ( 1)
  52 C   0.89462 0.00602 0.09834 0.00101 ( 1)
  53 I   0.92529 0.00115 0.07338 0.00018 ( 1)
  54 D   0.94637 0.00024 0.05335 0.00003 ( 1)
  55 L   0.90000 0.00380 0.09553 0.00067 ( 1)
  56 V   0.24307 0.00376 0.75163 0.00154 ( 3)
  57 D   0.96242 0.00020 0.03736 0.00003 ( 1)
  58 S   0.02696 0.86691 0.00320 0.10293 ( 2)
  59 L   0.90104 0.00634 0.09153 0.00109 ( 1)
  60 R   0.91437 0.00534 0.07947 0.00081 ( 1)
  61 K   0.00655 0.09906 0.78133 0.11306 ( 3)
  62 L   0.87657 0.00661 0.11553 0.00129 ( 1)
  63 D   0.11872 0.01151 0.86219 0.00758 ( 3)
  64 I   0.86807 0.01345 0.11670 0.00177 ( 1)
  65 G   0.27317 0.00176 0.72438 0.00068 ( 3)
  66 N   0.21823 0.07847 0.67748 0.02583 ( 3)
  67 D   0.96242 0.00020 0.03736 0.00003 ( 1)
  68 L   0.90157 0.00585 0.09157 0.00101 ( 1)
  69 M   0.00085 0.00852 0.97427 0.01637 ( 3)
  70 L   0.88095 0.00680 0.11098 0.00127 ( 1)
  71 P   0.86906 0.00793 0.12144 0.00157 ( 1)
  72 A   0.90403 0.00156 0.09414 0.00027 ( 1)
  73 I   0.93626 0.00068 0.06295 0.00010 ( 1)
  74 A   0.90221 0.00331 0.09393 0.00056 ( 1)
  75 V   0.94317 0.00148 0.05514 0.00022 ( 1)
  76 I   0.92550 0.00095 0.07340 0.00015 ( 1)
  77 G   0.90715 0.00077 0.09196 0.00013 ( 1)
  78 D   0.96242 0.00020 0.03736 0.00003 ( 1)
  79 R   0.27270 0.00737 0.71723 0.00270 ( 3)
  80 N   0.38826 0.00336 0.60745 0.00093 ( 3)
  81 S   0.84276 0.01602 0.13777 0.00345 ( 1)
  82 G   0.95147 0.00072 0.04773 0.00008 ( 1)
  83 K   0.94101 0.00027 0.05868 0.00004 ( 1)
  84 S   0.95491 0.00030 0.04477 0.00003 ( 1)
  85 S   0.84737 0.02290 0.12507 0.00466 ( 1)
  86 V   0.30055 0.01169 0.68388 0.00388 ( 3)
  87 L   0.89602 0.00642 0.09643 0.00113 ( 1)
  88 E   0.94083 0.00040 0.05872 0.00006 ( 1)
  89 A   0.91894 0.00302 0.07757 0.00047 ( 1)
  90 L   0.87823 0.00630 0.11416 0.00131 ( 1)
  91 S   0.83138 0.02690 0.13592 0.00579 ( 1)
  92 G   0.90564 0.00324 0.09059 0.00053 ( 1)
  93 V   0.90156 0.00327 0.09458 0.00059 ( 1)
  94 A   0.17610 0.00934 0.80937 0.00519 ( 3)
  95 L   0.87601 0.00709 0.11551 0.00139 ( 1)
  96 P   0.87176 0.00540 0.12178 0.00107 ( 1)
  97 R   0.95508 0.00163 0.04311 0.00018 ( 1)
  98 D   0.35222 0.00433 0.64216 0.00129 ( 3)
  99 K   0.17346 0.05528 0.75234 0.01891 ( 3)
 100 G   0.90524 0.00356 0.09062 0.00058 ( 1)
 101 V   0.33785 0.01037 0.64839 0.00339 ( 3)
 102 I   0.22308 0.01645 0.75369 0.00678 ( 3)
 103 T   0.90012 0.00328 0.09605 0.00056 ( 1)
 104 R   0.87353 0.00545 0.11991 0.00111 ( 1)
 105 C   0.84837 0.01698 0.13113 0.00353 ( 1)
 106 P   0.88044 0.01136 0.10612 0.00208 ( 1)
 107 L   0.90070 0.00666 0.09148 0.00115 ( 1)
 108 E   0.89958 0.01377 0.08463 0.00203 ( 1)
 109 L   0.87668 0.00651 0.11555 0.00127 ( 1)
 110 K   0.92844 0.01200 0.05784 0.00171 ( 1)
 111 L   0.89939 0.00785 0.09141 0.00135 ( 1)
 112 K   0.93148 0.00909 0.05812 0.00130 ( 1)
 113 K   0.92340 0.01669 0.05753 0.00238 ( 1)
 114 M   0.21649 0.25504 0.46187 0.06659 ( 3)
 115 T   0.00000 0.64616 0.00002 0.35383 ( 2)
 116 A   0.00005 0.68498 0.00024 0.31474 ( 2)
 117 -   0.47016 0.27524 0.16059 0.09401 ( 1)
 118 P   0.00430 0.65970 0.03936 0.29664 ( 2)
 119 Q   0.13604 0.74081 0.01578 0.10736 ( 2)
 120 E   0.79463 0.13610 0.04967 0.01960 ( 1)
 121 W   0.86052 0.01475 0.12182 0.00290 ( 1)
 122 K   0.14085 0.72659 0.02425 0.10832 ( 2)
 123 G   0.95134 0.00086 0.04770 0.00010 ( 1)
 124 V   0.00991 0.00304 0.98390 0.00314 ( 3)
 125 I   0.86533 0.01417 0.11827 0.00223 ( 1)
 126 Y   0.00003 0.63656 0.00029 0.36312 ( 2)
 127 Y   0.90767 0.02538 0.06353 0.00342 ( 1)
 128 R   0.00002 0.86546 0.00000 0.13452 ( 2)
 129 N   0.89321 0.00206 0.10440 0.00032 ( 1)
 130 T   0.00000 0.68853 0.00000 0.31147 ( 2)
 131 E   0.00060 0.00354 0.98849 0.00736 ( 3)
 132 I   0.00135 0.72540 0.00307 0.27018 ( 2)
 133 Q   0.01214 0.00168 0.98457 0.00160 ( 3)
 134 L   0.05003 0.79809 0.00884 0.14305 ( 2)
 135 Q   0.00084 0.86520 0.00018 0.13379 ( 2)
 136 N   0.07518 0.20953 0.62267 0.09262 ( 3)
 137 A   0.25605 0.60875 0.03039 0.10481 ( 2)
 138 S   0.80516 0.03791 0.14814 0.00879 ( 1)
 139 E   0.19001 0.70448 0.00772 0.09778 ( 2)
 140 V   0.94271 0.00148 0.05559 0.00022 ( 1)
 141 K   0.44735 0.00681 0.54401 0.00183 ( 3)
 142 K   0.00085 0.74458 0.00181 0.25277 ( 2)
 143 A   0.34400 0.52323 0.04260 0.09017 ( 2)
 144 I   0.93507 0.01430 0.04881 0.00182 ( 1)
 145 R   0.23707 0.63059 0.03536 0.09697 ( 2)
 146 K   0.07251 0.57870 0.15346 0.19534 ( 2)
 147 A   0.91683 0.02067 0.05972 0.00278 ( 1)
 148 Q   0.91736 0.00133 0.08109 0.00022 ( 1)
 149 D   0.34140 0.54523 0.03786 0.07550 ( 2)
 150 I   0.00001 0.67751 0.00003 0.32245 ( 2)
 151 V   0.90072 0.01734 0.07936 0.00259 ( 1)
 152 A   0.89952 0.00395 0.09586 0.00067 ( 1)
 153 G   0.92511 0.00073 0.07405 0.00011 ( 1)
 154 T   0.11558 0.71707 0.03368 0.13367 ( 2)
 155 N   0.07667 0.22283 0.62581 0.07470 ( 3)
 156 G   0.00001 0.86168 0.00000 0.13831 ( 2)
 157 S   0.00301 0.75584 0.01624 0.22491 ( 2)
 158 I   0.92567 0.00079 0.07342 0.00012 ( 1)
 159 S   0.92528 0.00161 0.07288 0.00023 ( 1)
 160 G   0.00037 0.85327 0.00005 0.14632 ( 2)
 161 E   0.85088 0.08388 0.05317 0.01207 ( 1)
 162 L   0.85128 0.01406 0.13166 0.00299 ( 1)
 163 I   0.92500 0.00143 0.07335 0.00022 ( 1)
 164 S   0.07807 0.77152 0.01203 0.13838 ( 2)
 165 L   0.86818 0.00767 0.12258 0.00156 ( 1)
 166 E   0.93581 0.00503 0.05844 0.00072 ( 1)
 167 I   0.74734 0.14377 0.08881 0.02008 ( 1)
 168 W   0.12945 0.04640 0.79952 0.02464 ( 3)
 169 S   0.86889 0.01021 0.11890 0.00200 ( 1)
 170 P   0.69262 0.17687 0.09563 0.03489 ( 1)
 171 D   0.00814 0.64923 0.07237 0.27026 ( 2)
 172 V   0.93499 0.00148 0.06330 0.00023 ( 1)
 173 P   0.86661 0.01203 0.11900 0.00235 ( 1)
 174 D   0.96219 0.00046 0.03729 0.00006 ( 1)
 175 L   0.90157 0.00585 0.09157 0.00101 ( 1)
 176 T   0.90255 0.00303 0.09391 0.00051 ( 1)
 177 L   0.85680 0.00887 0.13243 0.00189 ( 1)
 178 I   0.92503 0.00129 0.07348 0.00020 ( 1)
 179 D   0.94637 0.00024 0.05335 0.00003 ( 1)
 180 L   0.87139 0.01143 0.11494 0.00223 ( 1)
 181 P   0.86213 0.01452 0.12048 0.00286 ( 1)
 182 G   0.90618 0.00174 0.09180 0.00029 ( 1)
 183 I   0.92557 0.00088 0.07341 0.00014 ( 1)
 184 A   0.87857 0.01436 0.10507 0.00200 ( 1)
 185 R   0.91916 0.00091 0.07980 0.00014 ( 1)
 186 E   0.29646 0.00799 0.69235 0.00320 ( 3)
 187 A   0.93446 0.00405 0.06095 0.00054 ( 1)
 188 V   0.36608 0.01325 0.61690 0.00377 ( 3)
 189 G   0.35045 0.01144 0.63455 0.00356 ( 3)
 190 N   0.93817 0.00925 0.05118 0.00140 ( 1)
 191 Q   0.93669 0.00121 0.06193 0.00017 ( 1)
 192 P   0.86487 0.01369 0.11876 0.00268 ( 1)
 193 Q   0.00000 0.85173 0.00000 0.14827 ( 2)
 194 D   0.95014 0.00022 0.04961 0.00003 ( 1)
 195 N   0.24504 0.00641 0.74581 0.00273 ( 3)
 196 G   0.58914 0.32267 0.03779 0.05040 ( 1)
 197 Q   0.00011 0.69064 0.00062 0.30863 ( 2)
 198 Q   0.73547 0.18933 0.04863 0.02657 ( 1)
 199 I   0.94090 0.00898 0.04889 0.00123 ( 1)
 200 K   0.94101 0.00027 0.05868 0.00004 ( 1)
 201 T   0.00008 0.66532 0.00033 0.33427 ( 2)
 202 L   0.85912 0.00674 0.13270 0.00143 ( 1)
 203 L   0.19268 0.00351 0.80200 0.00181 ( 3)
 204 K   0.00364 0.87015 0.00030 0.12591 ( 2)
 205 K   0.81931 0.11336 0.05111 0.01622 ( 1)
 206 Y   0.00584 0.00759 0.97604 0.01052 ( 3)
 207 I   0.92578 0.00068 0.07343 0.00011 ( 1)
 208 G   0.00000 0.74504 0.00000 0.25496 ( 2)
 209 C   0.00226 0.68867 0.01243 0.29663 ( 2)
 210 K   0.88575 0.01991 0.09145 0.00289 ( 1)
 211 E   0.96080 0.00022 0.03895 0.00003 ( 1)
 212 T   0.90430 0.00140 0.09406 0.00024 ( 1)
 213 I   0.95004 0.00055 0.04934 0.00007 ( 1)
 214 I   0.25929 0.02763 0.70142 0.01166 ( 3)
 215 V   0.18518 0.03025 0.77073 0.01383 ( 3)
 216 V   0.90605 0.00121 0.09252 0.00022 ( 1)
 217 V   0.94306 0.00110 0.05568 0.00016 ( 1)
 218 V   0.92585 0.00148 0.07242 0.00025 ( 1)
 219 P   0.87351 0.00549 0.11993 0.00108 ( 1)
 220 C   0.00159 0.82634 0.00025 0.17182 ( 2)
 221 N   0.94813 0.00035 0.05146 0.00005 ( 1)
 222 V   0.94318 0.00096 0.05571 0.00014 ( 1)
 223 D   0.94637 0.00024 0.05335 0.00003 ( 1)
 224 I   0.92482 0.00161 0.07333 0.00025 ( 1)
 225 A   0.90381 0.00177 0.09411 0.00030 ( 1)
 226 T   0.90407 0.00158 0.09408 0.00027 ( 1)
 227 T   0.90129 0.00421 0.09380 0.00070 ( 1)
 228 E   0.94526 0.00025 0.05445 0.00004 ( 1)
 229 A   0.92556 0.00163 0.07257 0.00025 ( 1)
 230 L   0.90160 0.00582 0.09158 0.00100 ( 1)
 231 K   0.00248 0.86911 0.00044 0.12796 ( 2)
 232 M   0.97261 0.00005 0.02733 0.00001 ( 1)
 233 A   0.89914 0.00430 0.09583 0.00073 ( 1)
 234 Q   0.90775 0.00154 0.09045 0.00026 ( 1)
 235 E   0.95738 0.00335 0.03881 0.00046 ( 1)
 236 V   0.94318 0.00096 0.05571 0.00014 ( 1)
 237 D   0.95013 0.00023 0.04961 0.00003 ( 1)
 238 P   0.88521 0.00847 0.10479 0.00153 ( 1)
 239 T   0.00096 0.66022 0.00585 0.33297 ( 2)
 240 G   0.90487 0.00292 0.09173 0.00048 ( 1)
 241 E   0.91028 0.00351 0.08570 0.00051 ( 1)
 242 R   0.95659 0.00034 0.04303 0.00004 ( 1)
 243 T   0.92328 0.00138 0.07512 0.00022 ( 1)
 244 L   0.82838 0.02524 0.14137 0.00501 ( 1)
 245 G   0.95043 0.00162 0.04776 0.00019 ( 1)
 246 V   0.31217 0.06621 0.59975 0.02188 ( 3)
 247 L   0.90257 0.01449 0.08056 0.00238 ( 1)
 248 T   0.90223 0.00236 0.09501 0.00041 ( 1)
 249 K   0.94101 0.00027 0.05868 0.00004 ( 1)
 250 P   0.86621 0.01144 0.12009 0.00226 ( 1)
 251 D   0.94750 0.00064 0.05177 0.00010 ( 1)
 252 L   0.88278 0.00641 0.10958 0.00123 ( 1)
 253 V   0.94318 0.00096 0.05571 0.00014 ( 1)
 254 N   0.44815 0.00172 0.54967 0.00047 ( 3)
 255 E   0.00164 0.25635 0.48126 0.26076 ( 3)
 256 G   0.90608 0.00178 0.09185 0.00029 ( 1)
 257 T   0.82484 0.07446 0.08804 0.01267 ( 1)
 258 E   0.94029 0.00096 0.05862 0.00014 ( 1)
 259 E   0.42749 0.46850 0.03839 0.06562 ( 2)
 260 T   0.00394 0.00459 0.98463 0.00685 ( 3)
 261 V   0.20320 0.25536 0.45680 0.08464 ( 3)
 262 L   0.03826 0.27263 0.54435 0.14476 ( 3)
 263 K   0.00879 0.01330 0.96816 0.00975 ( 3)
 264 I   0.86807 0.01345 0.11670 0.00177 ( 1)
 265 I   0.00393 0.71529 0.01166 0.26912 ( 2)
 266 Q   0.39411 0.45508 0.07127 0.07955 ( 2)
 267 N   0.94844 0.00022 0.05131 0.00003 ( 1)
 268 E   0.39077 0.44212 0.10001 0.06711 ( 2)
 269 V   0.93528 0.00132 0.06319 0.00020 ( 1)
 270 I   0.00438 0.86691 0.00073 0.12798 ( 2)
 271 P   0.60136 0.25134 0.10131 0.04599 ( 1)
 272 L   0.91304 0.00523 0.08089 0.00084 ( 1)
 273 R   0.89189 0.00317 0.10445 0.00049 ( 1)
 274 K   0.94101 0.00027 0.05868 0.00004 ( 1)
 275 G   0.92766 0.00087 0.07135 0.00013 ( 1)
 276 Y   0.91751 0.00143 0.08085 0.00022 ( 1)
 277 M   0.97261 0.00005 0.02733 0.00001 ( 1)
 278 I   0.24383 0.00828 0.74450 0.00339 ( 3)
 279 V   0.94334 0.00131 0.05515 0.00019 ( 1)
 280 K   0.94727 0.00025 0.05244 0.00004 ( 1)
 281 C   0.85723 0.00851 0.13249 0.00177 ( 1)
 282 Y   0.00595 0.00954 0.97290 0.01161 ( 3)
 283 G   0.92031 0.00157 0.07786 0.00026 ( 1)
 284 Q   0.90775 0.00154 0.09045 0.00026 ( 1)
 285 M   0.01015 0.00910 0.97019 0.01055 ( 3)
 286 D   0.91779 0.04118 0.03563 0.00540 ( 1)
 287 F   0.25537 0.00375 0.73925 0.00163 ( 3)
 288 C   0.00372 0.28892 0.42640 0.28096 ( 3)
 289 N   0.07116 0.81394 0.00727 0.10763 ( 2)
 290 E   0.08521 0.43044 0.33850 0.14585 ( 2)
 291 L   0.34422 0.50551 0.04475 0.10552 ( 2)
 292 S   0.15046 0.03651 0.79553 0.01749 ( 3)
 293 F   0.20141 0.02358 0.76500 0.01001 ( 3)
 294 T   0.00517 0.69438 0.01533 0.28512 ( 2)
 295 S   0.05587 0.77623 0.01108 0.15683 ( 2)
 296 A   0.92186 0.00230 0.07548 0.00036 ( 1)
 297 I   0.30395 0.57608 0.03829 0.08168 ( 2)
 298 Q   0.27840 0.01047 0.70740 0.00374 ( 3)
 299 Q   0.11863 0.73650 0.01618 0.12868 ( 2)
 300 E   0.96080 0.00022 0.03895 0.00003 ( 1)
 301 R   0.00849 0.85855 0.00097 0.13199 ( 2)
 302 E   0.00001 0.66935 0.00006 0.33058 ( 2)
 303 F   0.93132 0.00130 0.06720 0.00018 ( 1)
 304 F   0.90756 0.00357 0.08828 0.00059 ( 1)
 305 E   0.89817 0.05546 0.03873 0.00763 ( 1)
 306 T   0.00163 0.84820 0.00030 0.14987 ( 2)
 307 H   0.94777 0.00063 0.05152 0.00008 ( 1)
 308 K   0.00010 0.86632 0.00002 0.13356 ( 2)
 309 H   0.00007 0.47121 0.00782 0.52090 ( 4)
 310 F   0.93132 0.00130 0.06720 0.00018 ( 1)
 311 S   0.84878 0.09078 0.05028 0.01016 ( 1)
 312 T   0.00340 0.68784 0.01711 0.29165 ( 2)
 313 L   0.87094 0.01186 0.11489 0.00232 ( 1)
 314 L   0.90166 0.00577 0.09158 0.00099 ( 1)
 315 D   0.91791 0.00280 0.07891 0.00039 ( 1)
 316 E   0.20935 0.12946 0.60442 0.05677 ( 3)
 317 N   0.49746 0.20733 0.25978 0.03543 ( 1)
 318 K   0.21816 0.67636 0.01263 0.09285 ( 2)
 319 A   0.90207 0.00155 0.09612 0.00027 ( 1)
 320 T   0.90029 0.00313 0.09605 0.00054 ( 1)
 321 I   0.15858 0.71065 0.02015 0.11062 ( 2)
 322 P   0.87406 0.00498 0.11997 0.00098 ( 1)
 323 H   0.00466 0.85816 0.00093 0.13625 ( 2)
 324 L   0.90096 0.00641 0.09152 0.00111 ( 1)
 325 A   0.90086 0.00458 0.09380 0.00077 ( 1)
 326 N   0.00493 0.17648 0.66237 0.15621 ( 3)
 327 K   0.40643 0.49971 0.02575 0.06811 ( 2)
 328 L   0.89625 0.00620 0.09646 0.00109 ( 1)
 329 T   0.90389 0.00175 0.09406 0.00030 ( 1)
 330 D   0.00000 0.75277 0.00000 0.24723 ( 2)
 331 E   0.94079 0.00043 0.05873 0.00006 ( 1)
 332 L   0.87897 0.00435 0.11583 0.00085 ( 1)
 333 V   0.73940 0.16711 0.06833 0.02516 ( 1)
 334 G   0.00032 0.64189 0.00224 0.35555 ( 2)
 335 R   0.22162 0.00405 0.77256 0.00177 ( 3)
 336 I   0.92568 0.00078 0.07342 0.00012 ( 1)
 337 I   0.13491 0.71430 0.03093 0.11986 ( 2)
 338 K   0.94028 0.00102 0.05856 0.00014 ( 1)
 339 T   0.26626 0.60173 0.02855 0.10346 ( 2)
 340 L   0.88095 0.00680 0.11098 0.00127 ( 1)
 341 P   0.86910 0.00791 0.12143 0.00156 ( 1)
 342 A   0.00183 0.66953 0.01732 0.31132 ( 2)
 343 I   0.73441 0.16561 0.07805 0.02193 ( 1)
 344 E   0.96028 0.00081 0.03880 0.00011 ( 1)
 345 K   0.01603 0.08652 0.83529 0.06216 ( 3)
 346 Q   0.90482 0.00431 0.09016 0.00072 ( 1)
 347 V   0.30017 0.00360 0.69492 0.00131 ( 3)
 348 H   0.00574 0.67224 0.02454 0.29748 ( 2)
 349 D   0.00778 0.74423 0.01218 0.23582 ( 2)
 350 A   0.00000 0.69822 0.00001 0.30177 ( 2)
 351 L   0.82791 0.05762 0.10413 0.01033 ( 1)
 352 Q   0.88659 0.02148 0.08834 0.00358 ( 1)
 353 Q   0.00000 0.69469 0.00001 0.30530 ( 2)
 354 A   0.00725 0.59080 0.05018 0.35177 ( 2)
 355 K   0.00065 0.47000 0.14193 0.38743 ( 2)
 356 K   0.13704 0.00570 0.85513 0.00214 ( 3)
 357 E   0.94094 0.00027 0.05875 0.00004 ( 1)
 358 L   0.86540 0.02143 0.10905 0.00412 ( 1)
 359 Q   0.90665 0.00258 0.09034 0.00043 ( 1)
 360 K   0.96100 0.00022 0.03875 0.00003 ( 1)
 361 Y   0.93202 0.00240 0.06525 0.00032 ( 1)
 362 T   0.09253 0.10270 0.75092 0.05386 ( 3)
 363 Q   0.00000 0.66054 0.00000 0.33946 ( 2)
 364 S   0.19106 0.01277 0.79201 0.00415 ( 3)
 365 T   0.09226 0.76326 0.01406 0.13042 ( 2)
 366 H   0.20604 0.03601 0.74219 0.01576 ( 3)
 367 P   0.04296 0.20494 0.63884 0.11327 ( 3)
 368 T   0.01062 0.53370 0.16497 0.29070 ( 2)
 369 V   0.06226 0.04140 0.86467 0.03167 ( 3)
 370 S   0.00009 0.53504 0.00085 0.46402 ( 2)
 371 D   0.01869 0.70577 0.03877 0.23677 ( 2)
 372 K   0.94858 0.01017 0.03988 0.00137 ( 1)
 373 T   0.01447 0.01373 0.95807 0.01373 ( 3)
 374 I   0.00097 0.38246 0.19341 0.42316 ( 4)
 375 F   0.47442 0.43291 0.03429 0.05837 ( 1)
 376 L   0.89673 0.00576 0.09649 0.00102 ( 1)
 377 V   0.00183 0.24046 0.47136 0.28635 ( 3)
 378 G   0.02435 0.35889 0.37886 0.23790 ( 3)
 379 L   0.56219 0.27937 0.10499 0.05345 ( 1)
 380 I   0.54561 0.37528 0.02833 0.05077 ( 1)
 381 K   0.22860 0.62978 0.03738 0.10424 ( 2)
 382 A   0.00065 0.40255 0.07664 0.52015 ( 4)
 383 F   0.89636 0.00459 0.09827 0.00078 ( 1)
 384 N   0.94598 0.00068 0.05324 0.00009 ( 1)
 385 E   0.00002 0.69538 0.00008 0.30452 ( 2)
 386 D   0.83786 0.10119 0.04561 0.01534 ( 1)
 387 I   0.33453 0.00652 0.65679 0.00216 ( 3)
 388 S   0.00000 0.82144 0.00000 0.17856 ( 2)
 389 Q   0.00000 0.72097 0.00000 0.27903 ( 2)
 390 T   0.00002 0.45117 0.00682 0.54199 ( 4)
 391 M   0.18204 0.45580 0.24655 0.11561 ( 2)
 392 H   0.00086 0.39648 0.12592 0.47675 ( 4)
 393 G   0.85138 0.05339 0.08644 0.00879 ( 1)
 394 K   0.40854 0.05887 0.51658 0.01601 ( 3)
 395 E   0.94030 0.00094 0.05862 0.00013 ( 1)
 396 S   0.00000 0.45270 0.00000 0.54730 ( 4)
 397 W   0.03103 0.50178 0.19842 0.26877 ( 2)
 398 F   0.00002 0.85067 0.00000 0.14930 ( 2)
 399 G   0.02012 0.83715 0.00256 0.14016 ( 2)
 400 N   0.00122 0.86345 0.00015 0.13518 ( 2)
 401 E   0.25476 0.63656 0.01677 0.09190 ( 2)
 402 I   0.01497 0.86205 0.00169 0.12129 ( 2)
 403 R   0.91378 0.00590 0.07943 0.00090 ( 1)
 404 L   0.88899 0.00674 0.10302 0.00125 ( 1)
 405 F   0.89572 0.00520 0.09820 0.00088 ( 1)
 406 P   0.06904 0.02793 0.88757 0.01546 ( 3)
 407 K   0.92353 0.01658 0.05752 0.00237 ( 1)
 408 I   0.00095 0.68774 0.00332 0.30798 ( 2)
 409 R   0.90240 0.01546 0.07980 0.00234 ( 1)
 410 R   0.00007 0.72898 0.00024 0.27072 ( 2)
 411 E   0.94525 0.00026 0.05445 0.00004 ( 1)
 412 F   0.89807 0.00296 0.09846 0.00050 ( 1)
 413 R   0.00002 0.68903 0.00014 0.31081 ( 2)
 414 T   0.01967 0.83522 0.00209 0.14301 ( 2)
 415 W   0.86052 0.01475 0.12182 0.00290 ( 1)
 416 G   0.00368 0.85165 0.00040 0.14427 ( 2)
 417 V   0.00001 0.64776 0.00006 0.35218 ( 2)
 418 K   0.00000 0.31312 0.00016 0.68672 ( 4)
 419 L   0.43454 0.43181 0.06196 0.07168 ( 1)
 420 L   0.63885 0.15823 0.17407 0.02885 ( 1)
 421 E   0.70719 0.20794 0.05184 0.03303 ( 1)
 422 S   0.01005 0.71719 0.01970 0.25306 ( 2)
 423 S   0.02054 0.50003 0.18558 0.29386 ( 2)
 424 A   0.00023 0.87359 0.00003 0.12615 ( 2)
 425 K   0.20115 0.68119 0.01118 0.10647 ( 2)
 426 -   0.47016 0.27524 0.16059 0.09401 ( 1)
 427 -   0.47016 0.27524 0.16059 0.09401 ( 1)
 428 V   0.35018 0.49540 0.06275 0.09167 ( 2)
 429 E   0.00001 0.68787 0.00012 0.31200 ( 2)
 430 E   0.00000 0.74877 0.00001 0.25121 ( 2)
 431 I   0.00002 0.70457 0.00032 0.29509 ( 2)
 432 V   0.00007 0.73217 0.00016 0.26760 ( 2)
 433 C   0.00000 0.40893 0.00001 0.59107 ( 4)
 434 S   0.06804 0.81026 0.00558 0.11612 ( 2)
 435 K   0.00753 0.86570 0.00075 0.12601 ( 2)
 436 L   0.23416 0.21864 0.45976 0.08745 ( 3)
 437 P   0.00000 0.31262 0.00093 0.68644 ( 4)
 438 K   0.05079 0.82771 0.00316 0.11833 ( 2)
 439 Y   0.78516 0.09075 0.10798 0.01611 ( 1)
 440 E   0.94023 0.00101 0.05861 0.00015 ( 1)
 441 D   0.80195 0.09917 0.08566 0.01321 ( 1)
 442 Q   0.07896 0.80135 0.00525 0.11444 ( 2)
 443 Y   0.92969 0.00454 0.06516 0.00061 ( 1)
 444 R   0.87462 0.02050 0.10124 0.00364 ( 1)
 445 G   0.90648 0.00147 0.09181 0.00024 ( 1)
 446 R   0.91228 0.00465 0.08234 0.00073 ( 1)
 447 E   0.95688 0.00382 0.03878 0.00052 ( 1)
 448 F   0.73180 0.06741 0.18854 0.01225 ( 1)
 449 P   0.86490 0.01366 0.11877 0.00267 ( 1)
 450 D   0.34924 0.00510 0.64412 0.00154 ( 3)
 451 F   0.90425 0.00531 0.08957 0.00088 ( 1)
 452 I   0.85050 0.01220 0.13560 0.00171 ( 1)
 453 S   0.37251 0.06377 0.54558 0.01814 ( 3)
 454 Y   0.93305 0.00145 0.06530 0.00020 ( 1)
 455 W   0.16032 0.15962 0.61329 0.06676 ( 3)
 456 T   0.85948 0.05946 0.07163 0.00943 ( 1)
 457 F   0.89538 0.00552 0.09816 0.00094 ( 1)
 458 E   0.96071 0.00034 0.03891 0.00005 ( 1)
 459 D   0.00051 0.87732 0.00007 0.12210 ( 2)
 460 I   0.92548 0.00097 0.07340 0.00015 ( 1)
 461 I   0.93641 0.01338 0.04851 0.00170 ( 1)
 462 K   0.94043 0.00086 0.05858 0.00012 ( 1)
 463 E   0.40901 0.48149 0.04202 0.06747 ( 2)
 464 Q   0.42762 0.45392 0.04262 0.07584 ( 2)
 465 I   0.65213 0.26038 0.04747 0.04003 ( 1)
 466 T   0.00001 0.39250 0.00389 0.60360 ( 4)
 467 K   0.00014 0.60162 0.00988 0.38836 ( 2)
 468 L   0.88155 0.00667 0.11050 0.00128 ( 1)
 469 E   0.96028 0.00081 0.03880 0.00011 ( 1)
 470 E   0.96076 0.00026 0.03894 0.00004 ( 1)
 471 P   0.72112 0.15043 0.09903 0.02942 ( 1)
 472 A   0.89817 0.00521 0.09573 0.00089 ( 1)
 473 V   0.16487 0.17276 0.59099 0.07138 ( 3)
 474 A   0.01126 0.71099 0.03283 0.24492 ( 2)
 475 M   0.46530 0.00096 0.53350 0.00024 ( 3)
 476 L   0.90073 0.00664 0.09149 0.00115 ( 1)
 477 N   0.76071 0.14549 0.07415 0.01965 ( 1)
 478 K   0.09338 0.47657 0.27420 0.15586 ( 2)
 479 V   0.91017 0.03162 0.05355 0.00466 ( 1)
 480 I   0.84530 0.03351 0.11653 0.00466 ( 1)
 481 Y   0.00000 0.28077 0.00539 0.71385 ( 4)
 482 M   0.21474 0.30311 0.35980 0.12235 ( 3)
 483 V   0.87808 0.02526 0.09211 0.00455 ( 1)
 484 E   0.03668 0.83603 0.00387 0.12342 ( 2)
 485 E   0.00000 0.87049 0.00000 0.12951 ( 2)
 486 K   0.07055 0.79034 0.01921 0.11990 ( 2)
 487 F   0.89904 0.00204 0.09857 0.00035 ( 1)
 488 L   0.00001 0.80969 0.00001 0.19029 ( 2)
 489 Q   0.00722 0.70778 0.01774 0.26726 ( 2)
 490 L   0.03385 0.81375 0.00589 0.14650 ( 2)
 491 A   0.00628 0.64981 0.04161 0.30229 ( 2)
 492 N   0.00000 0.88105 0.00000 0.11894 ( 2)
 493 K   0.01376 0.86810 0.00057 0.11757 ( 2)
 494 R   0.00688 0.66761 0.03013 0.29538 ( 2)
 495 F   0.89509 0.00580 0.09813 0.00098 ( 1)
 496 A   0.00042 0.85105 0.00006 0.14848 ( 2)
 497 N   0.68613 0.20051 0.08559 0.02777 ( 1)
 498 F   0.82060 0.07647 0.08997 0.01296 ( 1)
 499 Q   0.00314 0.64533 0.02630 0.32524 ( 2)
 500 N   0.94844 0.00022 0.05131 0.00003 ( 1)
 501 L   0.83988 0.00987 0.14800 0.00225 ( 1)
 502 N   0.01141 0.85624 0.00113 0.13121 ( 2)
 503 N   0.00274 0.42499 0.22148 0.35079 ( 2)
 504 A   0.79895 0.06027 0.13023 0.01055 ( 1)
 505 A   0.63782 0.25113 0.06797 0.04308 ( 1)
 506 Q   0.90216 0.00380 0.09349 0.00055 ( 1)
 507 A   0.10607 0.16456 0.66808 0.06130 ( 3)
 508 R   0.28217 0.00697 0.70830 0.00256 ( 3)
 509 I   0.92476 0.00165 0.07333 0.00025 ( 1)
 510 G   0.11338 0.38190 0.36140 0.14331 ( 2)
 511 C   0.00162 0.03579 0.90676 0.05583 ( 3)
 512 I   0.92444 0.00195 0.07331 0.00030 ( 1)
 513 S   0.05899 0.55148 0.17902 0.21051 ( 2)
 514 D   0.00000 0.72182 0.00000 0.27818 ( 2)
 515 R   0.00030 0.65363 0.00379 0.34228 ( 2)
 516 Q   0.83844 0.06688 0.08354 0.01114 ( 1)
 517 A   0.86933 0.01600 0.11191 0.00276 ( 1)
 518 T   0.01650 0.71991 0.05273 0.21085 ( 2)
 519 T   0.09195 0.16766 0.66364 0.07674 ( 3)
 520 A   0.85183 0.06490 0.07308 0.01019 ( 1)
 521 K   0.32015 0.00251 0.67650 0.00083 ( 3)
 522 N   0.43944 0.46114 0.03637 0.06305 ( 2)
 523 C   0.00001 0.49152 0.00142 0.50705 ( 4)
 524 I   0.95004 0.00055 0.04934 0.00007 ( 1)
 525 L   0.16783 0.04524 0.76419 0.02275 ( 3)
 526 T   0.01966 0.41505 0.35784 0.20745 ( 2)
 527 Q   0.79786 0.00870 0.19189 0.00156 ( 1)
 528 F   0.89904 0.00204 0.09857 0.00035 ( 1)
 529 K   0.86714 0.03328 0.09472 0.00486 ( 1)
 530 M   0.97261 0.00005 0.02733 0.00001 ( 1)
 531 E   0.96071 0.00033 0.03892 0.00004 ( 1)
 532 R   0.35430 0.52675 0.03726 0.08169 ( 2)
 533 I   0.72033 0.20046 0.04884 0.03038 ( 1)
 534 I   0.25140 0.00803 0.73758 0.00299 ( 3)
 535 Y   0.93328 0.00124 0.06531 0.00017 ( 1)
 536 C   0.89490 0.00575 0.09838 0.00097 ( 1)
 537 Q   0.91610 0.00139 0.08227 0.00023 ( 1)
 538 D   0.94637 0.00024 0.05335 0.00003 ( 1)
 539 N   0.27929 0.59528 0.04456 0.08087 ( 2)
 540 I   0.65490 0.23111 0.08161 0.03238 ( 1)
 541 Y   0.93291 0.00158 0.06530 0.00021 ( 1)
 542 A   0.00003 0.41540 0.01302 0.57155 ( 4)
 543 D   0.00034 0.87633 0.00004 0.12330 ( 2)
 544 D   0.58825 0.31286 0.05509 0.04380 ( 1)
 545 L   0.83498 0.01484 0.14682 0.00336 ( 1)
 546 K   0.00143 0.07085 0.76410 0.16362 ( 3)
 547 A   0.00000 0.63077 0.00002 0.36920 ( 2)
 548 A   0.08500 0.37915 0.39856 0.13728 ( 3)
 549 R   0.38384 0.01841 0.59264 0.00511 ( 3)
 550 A   0.87904 0.00623 0.11365 0.00108 ( 1)
 551 E   0.89357 0.00213 0.10400 0.00031 ( 1)
 552 G   0.00065 0.05749 0.83447 0.10740 ( 3)
 553 I   0.00003 0.68093 0.00055 0.31849 ( 2)
 554 S   0.09065 0.47424 0.27863 0.15647 ( 2)
 555 K   0.89252 0.03464 0.06783 0.00500 ( 1)
 556 D   0.86000 0.00489 0.13434 0.00078 ( 1)
 557 T   0.00661 0.00359 0.98589 0.00391 ( 3)
 558 K   0.00001 0.54136 0.00090 0.45773 ( 2)
 559 I   0.47016 0.27524 0.16059 0.09401 ( 1)
 560 K   0.59338 0.32282 0.03288 0.05092 ( 1)
 561 D   0.00016 0.76352 0.00031 0.23601 ( 2)
 562 L   0.00028 0.65684 0.00183 0.34105 ( 2)
 563 A   0.00001 0.41608 0.00119 0.58272 ( 4)
 564 -   0.00056 0.74484 0.00019 0.25441 ( 2)
 565 -   0.00000 0.74540 0.00000 0.25460 ( 2)
 566 -   0.26617 0.47923 0.09091 0.16369 ( 2)
 567 -   0.00148 0.74392 0.00050 0.25409 ( 2)
 568 F   0.06428 0.79381 0.00705 0.13487 ( 2)
 569 G   0.00023 0.63446 0.00490 0.36042 ( 2)
 570 C   0.00000 0.62843 0.00000 0.37157 ( 2)
 571 A   0.00000 0.68326 0.00000 0.31674 ( 2)
 572 S   0.00007 0.81129 0.00001 0.18863 ( 2)
 573 -   0.47016 0.27524 0.16059 0.09401 ( 1)
 574 -   0.47016 0.27524 0.16059 0.09401 ( 1)
 575 R   0.00023 0.41215 0.06559 0.52203 ( 4)
 576 Q   0.00000 0.66688 0.00001 0.33311 ( 2)
 577 C   0.00000 0.43463 0.00008 0.56530 ( 4)
 578 P   0.00001 0.68266 0.00003 0.31730 ( 2)
 579 S   0.00000 0.70733 0.00001 0.29266 ( 2)
 580 F   0.34673 0.52050 0.04622 0.08655 ( 2)
 581 A   0.00001 0.54789 0.00055 0.45155 ( 2)
 582 L   0.00000 0.67213 0.00001 0.32786 ( 2)
 583 E   0.94090 0.00032 0.05873 0.00005 ( 1)
 584 M   0.96037 0.00621 0.03270 0.00072 ( 1)
 585 V   0.00111 0.69940 0.00390 0.29558 ( 2)
 586 S   0.02774 0.79220 0.00593 0.17413 ( 2)
 587 H   0.94778 0.00062 0.05152 0.00008 ( 1)
 588 V   0.00360 0.09618 0.79281 0.10742 ( 3)
 589 K   0.00029 0.87769 0.00001 0.12201 ( 2)
 590 A   0.93775 0.00103 0.06108 0.00014 ( 1)
 591 Y   0.89598 0.00220 0.10144 0.00038 ( 1)
 592 F   0.00434 0.85188 0.00052 0.14325 ( 2)
 593 T   0.39373 0.47061 0.05206 0.08359 ( 2)
 594 G   0.87409 0.00433 0.12085 0.00073 ( 1)
 595 A   0.04343 0.81263 0.00454 0.13940 ( 2)
 596 S   0.01528 0.86121 0.00121 0.12230 ( 2)
 597 K   0.10753 0.77432 0.00691 0.11123 ( 2)
 598 R   0.57660 0.32308 0.05133 0.04899 ( 1)
 599 L   0.82189 0.02015 0.15433 0.00363 ( 1)
 600 S   0.00064 0.34258 0.14053 0.51625 ( 4)
 601 N   0.28171 0.60257 0.03242 0.08330 ( 2)
 602 Q   0.90379 0.02757 0.06475 0.00389 ( 1)
 603 I   0.92578 0.00068 0.07343 0.00011 ( 1)
 604 P   0.86412 0.01263 0.12076 0.00249 ( 1)
 605 L   0.89766 0.00943 0.09129 0.00162 ( 1)
 606 I   0.94996 0.00062 0.04933 0.00008 ( 1)
 607 I   0.95004 0.00055 0.04934 0.00007 ( 1)
 608 L   0.78856 0.03493 0.16968 0.00683 ( 1)
 609 S   0.30471 0.52640 0.05449 0.11441 ( 2)
 610 T   0.00395 0.65022 0.03877 0.30706 ( 2)
 611 V   0.19860 0.66329 0.03313 0.10498 ( 2)
 612 L   0.87791 0.00534 0.11571 0.00104 ( 1)
 613 H   0.09702 0.77497 0.01081 0.11720 ( 2)
 614 D   0.00856 0.86555 0.00283 0.12306 ( 2)
 615 F   0.31699 0.55845 0.03145 0.09311 ( 2)
 616 G   0.92311 0.00079 0.07597 0.00013 ( 1)
 617 N   0.00143 0.71855 0.01590 0.26412 ( 2)
 618 Y   0.00365 0.62518 0.04508 0.32609 ( 2)
 619 L   0.39465 0.46787 0.04994 0.08754 ( 2)
 620 Q   0.75605 0.16979 0.05028 0.02389 ( 1)
 621 T   0.05423 0.50455 0.19498 0.24624 ( 2)
 622 S   0.00000 0.80974 0.00000 0.19026 ( 2)
 623 M   0.97261 0.00005 0.02733 0.00001 ( 1)
 624 L   0.87926 0.00837 0.11080 0.00157 ( 1)
 625 H   0.88561 0.01404 0.09823 0.00212 ( 1)
 626 L   0.89411 0.00701 0.09764 0.00124 ( 1)
 627 L   0.87781 0.00975 0.11062 0.00182 ( 1)
 628 Q   0.90775 0.00154 0.09045 0.00026 ( 1)
 629 G   0.18115 0.14874 0.61236 0.05775 ( 3)
 630 K   0.24046 0.17156 0.52518 0.06281 ( 3)
 631 E   0.35861 0.52717 0.03708 0.07714 ( 2)
 632 E   0.00061 0.74661 0.00133 0.25146 ( 2)
 633 I   0.00299 0.64914 0.02007 0.32780 ( 2)
 634 N   0.05521 0.82843 0.00670 0.10965 ( 2)
 635 Y   0.00213 0.23746 0.45401 0.30640 ( 3)
 636 L   0.68013 0.16157 0.12157 0.03674 ( 1)
 637 L   0.89562 0.00596 0.09737 0.00105 ( 1)
 638 Q   0.00901 0.84310 0.00117 0.14673 ( 2)
 639 E   0.94746 0.00025 0.05225 0.00004 ( 1)
 640 D   0.00550 0.70875 0.03521 0.25054 ( 2)
 641 H   0.00305 0.29727 0.37565 0.32403 ( 3)
 642 E   0.91150 0.00239 0.08577 0.00035 ( 1)
 643 A   0.60741 0.25478 0.09314 0.04467 ( 1)
 644 A   0.00790 0.84055 0.00160 0.14995 ( 2)
 645 N   0.17810 0.12650 0.65408 0.04132 ( 3)
 646 Q   0.01228 0.00183 0.98402 0.00188 ( 3)
 647 Q   0.05331 0.02623 0.89974 0.02072 ( 3)
 648 K   0.37869 0.00282 0.61758 0.00091 ( 3)
 649 L   0.00735 0.00315 0.98580 0.00370 ( 3)
 650 L   0.90413 0.00558 0.08933 0.00096 ( 1)
 651 T   0.04052 0.02037 0.92773 0.01138 ( 3)
 652 S   0.07642 0.56742 0.16980 0.18636 ( 2)
 653 R   0.85342 0.00523 0.14007 0.00127 ( 1)
 654 I   0.09511 0.20332 0.61489 0.08668 ( 3)
 655 S   0.00000 0.72949 0.00000 0.27051 ( 2)
 656 H   0.05704 0.00816 0.92854 0.00626 ( 3)
 657 L   0.91304 0.00523 0.08089 0.00084 ( 1)
 658 N   0.00025 0.77269 0.00062 0.22645 ( 2)
 659 K   0.09620 0.78073 0.00994 0.11314 ( 2)
 660 A   0.93446 0.00405 0.06095 0.00054 ( 1)
 661 Y   0.03498 0.83243 0.01064 0.12195 ( 2)
 662 Q   0.01544 0.83724 0.00303 0.14430 ( 2)
 663 Y   0.00678 0.61629 0.07469 0.30225 ( 2)
 664 L   0.89632 0.01097 0.09083 0.00188 ( 1)
 665 V   0.00290 0.03270 0.92728 0.03711 ( 3)
 666 D   0.53798 0.32122 0.09760 0.04320 ( 1)
 667 F   0.89904 0.00204 0.09857 0.00035 ( 1)
 668 K   0.00014 0.55452 0.02035 0.42500 ( 2)
 669 S   0.00188 0.60946 0.01400 0.37465 ( 2)


lnL = -12471.439883

Bayes Empirical Bayes (BEB) probabilities for 4 classes (class)
(amino acids refer to 1st sequence: Chicken)

   1 M   0.97001 0.00045 0.02949 0.00006 ( 1)
   2 -   0.07670 0.48612 0.26604 0.17114 ( 2)
   3 -   0.00000 0.72862 0.00000 0.27138 ( 2)
   4 -   0.01457 0.63631 0.09754 0.25158 ( 2)
   5 -   0.00000 0.73298 0.00000 0.26702 ( 2)
   6 -   0.00000 0.73176 0.00000 0.26824 ( 2)
   7 -   0.00000 0.73430 0.00001 0.26569 ( 2)
   8 A   0.00266 0.68178 0.02761 0.28795 ( 2)
   9 P   0.00000 0.82743 0.00000 0.17257 ( 2)
  10 E   0.60880 0.30535 0.03535 0.05050 ( 1)
  11 L   0.00000 0.67103 0.00004 0.32893 ( 2)
  12 T   0.08272 0.76712 0.00954 0.14062 ( 2)
  13 D   0.00001 0.50286 0.00259 0.49454 ( 2)
  14 R   0.00000 0.71467 0.00009 0.28523 ( 2)
  15 K   0.00004 0.77148 0.00025 0.22823 ( 2)
  16 P   0.00025 0.63401 0.00395 0.36180 ( 2)
  17 E   0.00000 0.64663 0.00000 0.35337 ( 2)
  18 H   0.00057 0.85547 0.00005 0.14391 ( 2)
  19 E   0.03622 0.82776 0.00965 0.12637 ( 2)
  20 Q   0.00509 0.86156 0.00038 0.13297 ( 2)
  21 K   0.00258 0.84708 0.00038 0.14997 ( 2)
  22 V   0.10943 0.74755 0.02064 0.12238 ( 2)
  23 S   0.00144 0.83973 0.00027 0.15857 ( 2)
  24 K   0.00106 0.71770 0.00795 0.27329 ( 2)
  25 R   0.00000 0.71608 0.00000 0.28392 ( 2)
  26 L   0.00001 0.84060 0.00000 0.15939 ( 2)
  27 N   0.00017 0.67383 0.00285 0.32315 ( 2)
  28 D   0.00000 0.72851 0.00002 0.27147 ( 2)
  29 R   0.00026 0.71395 0.00308 0.28272 ( 2)
  30 E   0.90105 0.03428 0.05944 0.00523 ( 1)
  31 E   0.30370 0.57265 0.02731 0.09634 ( 2)
  32 D   0.00000 0.51343 0.00000 0.48656 ( 2)
  33 K   0.00000 0.60174 0.00044 0.39782 ( 2)
  34 D   0.00001 0.55255 0.00065 0.44679 ( 2)
  35 E   0.00016 0.70850 0.00473 0.28661 ( 2)
  36 A   0.00112 0.84492 0.00016 0.15380 ( 2)
  37 A   0.00001 0.84640 0.00000 0.15359 ( 2)
  38 A   0.00283 0.65943 0.01500 0.32273 ( 2)
  39 C   0.00001 0.49689 0.00291 0.50019 ( 4)
  40 S   0.05473 0.14256 0.74276 0.05995 ( 3)
  41 L   0.87696 0.00658 0.11519 0.00128 ( 1)
  42 D   0.01486 0.58276 0.15514 0.24724 ( 2)
  43 N   0.72917 0.14724 0.09991 0.02368 ( 1)
  44 Q   0.86946 0.04219 0.08090 0.00746 ( 1)
  45 Y   0.88839 0.00542 0.10520 0.00099 ( 1)
  46 D   0.34373 0.00187 0.65383 0.00057 ( 3)
  47 R   0.00686 0.00133 0.99064 0.00117 ( 3)
  48 K   0.95888 0.00021 0.04087 0.00003 ( 1)
  49 I   0.81131 0.01554 0.17083 0.00231 ( 1)
  50 Q   0.15636 0.01694 0.81940 0.00731 ( 3)
  51 P   0.86758 0.00525 0.12609 0.00108 ( 1)
  52 C   0.89056 0.00591 0.10250 0.00104 ( 1)
  53 I   0.92178 0.00105 0.07699 0.00017 ( 1)
  54 D   0.94332 0.00021 0.05645 0.00003 ( 1)
  55 L   0.89626 0.00363 0.09945 0.00067 ( 1)
  56 V   0.18411 0.00379 0.81056 0.00154 ( 3)
  57 D   0.96018 0.00017 0.03963 0.00002 ( 1)
  58 S   0.00934 0.87701 0.00151 0.11214 ( 2)
  59 L   0.89739 0.00614 0.09537 0.00111 ( 1)
  60 R   0.91071 0.00509 0.08338 0.00082 ( 1)
  61 K   0.00297 0.12860 0.72227 0.14617 ( 3)
  62 L   0.87255 0.00643 0.11972 0.00130 ( 1)
  63 D   0.08558 0.01175 0.89497 0.00770 ( 3)
  64 I   0.83487 0.01760 0.14507 0.00247 ( 1)
  65 G   0.20994 0.00173 0.78766 0.00067 ( 3)
  66 N   0.14067 0.09873 0.72760 0.03299 ( 3)
  67 D   0.96018 0.00017 0.03963 0.00002 ( 1)
  68 L   0.89791 0.00566 0.09541 0.00102 ( 1)
  69 M   0.00031 0.00901 0.97390 0.01677 ( 3)
  70 L   0.87692 0.00662 0.11518 0.00129 ( 1)
  71 P   0.86486 0.00781 0.12573 0.00160 ( 1)
  72 A   0.90013 0.00146 0.09815 0.00026 ( 1)
  73 I   0.93321 0.00061 0.06608 0.00010 ( 1)
  74 A   0.89834 0.00315 0.09794 0.00056 ( 1)
  75 V   0.94034 0.00135 0.05810 0.00021 ( 1)
  76 I   0.92199 0.00086 0.07701 0.00014 ( 1)
  77 G   0.90321 0.00070 0.09597 0.00012 ( 1)
  78 D   0.96018 0.00017 0.03963 0.00002 ( 1)
  79 R   0.20908 0.00769 0.78043 0.00280 ( 3)
  80 N   0.30944 0.00354 0.68604 0.00097 ( 3)
  81 S   0.83818 0.01608 0.14216 0.00358 ( 1)
  82 G   0.94820 0.00065 0.05106 0.00008 ( 1)
  83 K   0.93791 0.00023 0.06182 0.00004 ( 1)
  84 S   0.95159 0.00026 0.04812 0.00003 ( 1)
  85 S   0.84264 0.02322 0.12925 0.00489 ( 1)
  86 V   0.23114 0.01237 0.75240 0.00410 ( 3)
  87 L   0.89226 0.00622 0.10037 0.00115 ( 1)
  88 E   0.93775 0.00035 0.06185 0.00005 ( 1)
  89 A   0.91537 0.00286 0.08129 0.00047 ( 1)
  90 L   0.87459 0.00611 0.11798 0.00132 ( 1)
  91 S   0.82634 0.02739 0.14018 0.00609 ( 1)
  92 G   0.90175 0.00309 0.09463 0.00053 ( 1)
  93 V   0.89796 0.00309 0.09837 0.00058 ( 1)
  94 A   0.13039 0.00956 0.85476 0.00529 ( 3)
  95 L   0.87199 0.00692 0.11968 0.00140 ( 1)
  96 P   0.86758 0.00525 0.12609 0.00108 ( 1)
  97 R   0.95195 0.00152 0.04635 0.00018 ( 1)
  98 D   0.27705 0.00457 0.71703 0.00135 ( 3)
  99 K   0.10554 0.06562 0.80605 0.02278 ( 3)
 100 G   0.90134 0.00343 0.09465 0.00058 ( 1)
 101 V   0.26509 0.01102 0.72031 0.00358 ( 3)
 102 I   0.16723 0.01723 0.80847 0.00707 ( 3)
 103 T   0.89623 0.00312 0.10009 0.00056 ( 1)
 104 R   0.86942 0.00526 0.12420 0.00112 ( 1)
 105 C   0.84377 0.01710 0.13545 0.00367 ( 1)
 106 P   0.87637 0.01128 0.11021 0.00215 ( 1)
 107 L   0.89705 0.00647 0.09532 0.00117 ( 1)
 108 E   0.88281 0.01775 0.09668 0.00277 ( 1)
 109 L   0.87266 0.00633 0.11973 0.00128 ( 1)
 110 K   0.92156 0.01540 0.06070 0.00233 ( 1)
 111 L   0.89572 0.00765 0.09525 0.00138 ( 1)
 112 K   0.92573 0.01149 0.06104 0.00174 ( 1)
 113 K   0.91500 0.02147 0.06028 0.00325 ( 1)
 114 M   0.13217 0.31208 0.47227 0.08348 ( 3)
 115 T   0.00000 0.64039 0.00000 0.35961 ( 2)
 116 A   0.00001 0.68073 0.00005 0.31922 ( 2)
 117 -   0.45110 0.28843 0.15953 0.10094 ( 1)
 118 P   0.00108 0.67102 0.01999 0.30791 ( 2)
 119 Q   0.05348 0.81370 0.00749 0.12533 ( 2)
 120 E   0.70057 0.21962 0.04626 0.03355 ( 1)
 121 W   0.85608 0.01481 0.12609 0.00302 ( 1)
 122 K   0.05684 0.80341 0.01268 0.12706 ( 2)
 123 G   0.94807 0.00078 0.05105 0.00010 ( 1)
 124 V   0.00492 0.00289 0.98922 0.00296 ( 3)
 125 I   0.83966 0.01829 0.13902 0.00303 ( 1)
 126 Y   0.00000 0.63253 0.00007 0.36739 ( 2)
 127 Y   0.89472 0.03397 0.06644 0.00487 ( 1)
 128 R   0.00000 0.85881 0.00000 0.14118 ( 2)
 129 N   0.86958 0.00249 0.12752 0.00041 ( 1)
 130 T   0.00000 0.68337 0.00000 0.31663 ( 2)
 131 E   0.00025 0.00372 0.98850 0.00753 ( 3)
 132 I   0.00032 0.72279 0.00106 0.27582 ( 2)
 133 Q   0.00609 0.00158 0.99084 0.00149 ( 3)
 134 L   0.01812 0.82265 0.00393 0.15529 ( 2)
 135 Q   0.00020 0.85894 0.00006 0.14081 ( 2)
 136 N   0.03662 0.27579 0.56457 0.12303 ( 3)
 137 A   0.14764 0.70543 0.01921 0.12771 ( 2)
 138 S   0.79944 0.03892 0.15235 0.00929 ( 1)
 139 E   0.08373 0.79516 0.00358 0.11753 ( 2)
 140 V   0.94004 0.00135 0.05840 0.00021 ( 1)
 141 K   0.36464 0.00731 0.62609 0.00196 ( 3)
 142 K   0.00015 0.74061 0.00047 0.25876 ( 2)
 143 A   0.20975 0.64470 0.02879 0.11677 ( 2)
 144 I   0.92744 0.01845 0.05159 0.00251 ( 1)
 145 R   0.10528 0.75230 0.02004 0.12237 ( 2)
 146 K   0.02956 0.65290 0.09152 0.22603 ( 2)
 147 A   0.90604 0.02736 0.06268 0.00392 ( 1)
 148 Q   0.91394 0.00123 0.08461 0.00022 ( 1)
 149 D   0.16819 0.70459 0.02329 0.10392 ( 2)
 150 I   0.00000 0.67256 0.00001 0.32743 ( 2)
 151 V   0.88683 0.02309 0.08643 0.00365 ( 1)
 152 A   0.89561 0.00380 0.09991 0.00068 ( 1)
 153 G   0.92147 0.00067 0.07776 0.00011 ( 1)
 154 T   0.04557 0.78160 0.01956 0.15327 ( 2)
 155 N   0.03401 0.27143 0.60085 0.09371 ( 3)
 156 G   0.00000 0.85481 0.00000 0.14519 ( 2)
 157 S   0.00073 0.75858 0.00753 0.23316 ( 2)
 158 I   0.92215 0.00071 0.07703 0.00012 ( 1)
 159 S   0.92149 0.00152 0.07676 0.00023 ( 1)
 160 G   0.00008 0.84703 0.00001 0.15289 ( 2)
 161 E   0.78664 0.14005 0.05193 0.02138 ( 1)
 162 L   0.84696 0.01400 0.13596 0.00308 ( 1)
 163 I   0.92150 0.00132 0.07697 0.00021 ( 1)
 164 S   0.02898 0.81277 0.00524 0.15301 ( 2)
 165 L   0.86410 0.00749 0.12682 0.00158 ( 1)
 166 E   0.93133 0.00627 0.06145 0.00096 ( 1)
 167 I   0.63819 0.23143 0.09604 0.03434 ( 1)
 168 W   0.08677 0.06136 0.81930 0.03257 ( 3)
 169 S   0.86468 0.01013 0.12313 0.00206 ( 1)
 170 P   0.63026 0.23152 0.09074 0.04748 ( 1)
 171 D   0.00213 0.67484 0.03603 0.28700 ( 2)
 172 V   0.93207 0.00135 0.06635 0.00022 ( 1)
 173 P   0.86234 0.01198 0.12326 0.00243 ( 1)
 174 D   0.95994 0.00041 0.03960 0.00006 ( 1)
 175 L   0.89791 0.00566 0.09541 0.00102 ( 1)
 176 T   0.89868 0.00288 0.09793 0.00051 ( 1)
 177 L   0.85260 0.00871 0.13677 0.00192 ( 1)
 178 I   0.92155 0.00118 0.07708 0.00019 ( 1)
 179 D   0.94332 0.00021 0.05645 0.00003 ( 1)
 180 L   0.86732 0.01131 0.11909 0.00229 ( 1)
 181 P   0.85777 0.01453 0.12473 0.00297 ( 1)
 182 G   0.90225 0.00163 0.09584 0.00028 ( 1)
 183 I   0.92205 0.00080 0.07702 0.00013 ( 1)
 184 A   0.85321 0.01863 0.12541 0.00275 ( 1)
 185 R   0.91532 0.00084 0.08372 0.00013 ( 1)
 186 E   0.23022 0.00828 0.75819 0.00331 ( 3)
 187 A   0.93107 0.00388 0.06449 0.00055 ( 1)
